1001	5.65
1002	5.521
1003	5.607
1004	5.602
1005	5.597
1006	5.527
1007	5.547
1008	5.441
1009	5.567
1010	5.396
1011	5.519
1012	5.555
1013	5.374
1014	5.525
1015	5.536
1016	5.553
1017	5.456
1018	5.356
1019	5.578
1020	5.535
1021	5.494
1022	5.605
1023	5.741
1024	5.354
1025	5.327
1026	5.429
1027	5.669
1028	5.529
1029	5.493
1030	5.403
1031	5.614
1032	5.525
1033	5.447
1034	5.551
1035	5.433
1036	5.456
1037	5.412
1038	5.541
1039	5.619
1040	5.411
1041	5.493
1042	5.458
1043	5.733
1044	5.508
1045	5.541
1046	5.655
1047	5.528
1048	5.648
1049	5.646
1050	5.361
1051	5.618
1052	5.609
1053	5.408
1054	5.491
1055	5.51
1056	5.241
1057	5.473
1058	5.474
1059	5.493
1060	5.431
1061	5.568
1062	5.515
1063	5.456
1064	5.423
1065	5.378
1066	5.461
1067	5.536
1068	5.528
1069	5.309
1070	5.59
1071	5.484
1072	5.437
1073	5.436
1074	5.469
1075	5.528
1076	5.455
1077	5.475
1078	5.513
1079	5.418
1080	5.621
1081	5.591
1082	5.467
1083	5.336
1084	5.38
1085	5.545
1086	5.43
1087	5.551
1088	5.446
1089	5.589
1090	5.534
1091	5.41
1092	5.514
1093	5.48
1094	5.542
1095	5.441
1096	5.409
1097	5.486
1098	5.446
1099	5.605
1100	5.534
1101	5.502
1102	5.645
1103	5.596
1104	5.446
1105	5.497
1106	5.643
1107	5.472
1108	5.406
1109	5.423
1110	5.443
1111	5.535
1112	5.555
1113	5.398
1114	5.401
1115	5.517
1116	5.481
1117	5.457
1118	5.468
1119	5.453
1120	5.404
1121	5.374
1122	5.411
1123	5.532
1124	5.483
1125	5.444
1126	5.5
1127	5.541
1128	5.496
1129	5.472
1130	5.484
1131	5.567
1132	5.603
1133	5.35
1134	5.453
1135	5.475
1136	5.454
1137	5.407
1138	5.532
1139	5.416
1140	5.531
1141	5.569
1142	5.573
1143	5.381
1144	5.42
1145	5.492
1146	5.484
1147	5.467
1148	5.467
1149	5.519
1150	5.39
1151	5.439
1152	5.62
1153	5.6
1154	5.71
1155	5.46
1156	5.319
1157	5.484
1158	5.375
1159	5.649
1160	5.697
1161	5.475
1162	5.515
1163	5.474
1164	5.451
1165	5.588
1166	5.537
1167	5.54
1168	5.422
1169	5.357
1170	5.366
1171	5.511
1172	5.439
1173	5.558
1174	5.356
1175	5.448
1176	5.518
1177	5.56
1178	5.66
1179	5.447
1180	5.432
1181	5.573
1182	5.589
1183	5.435
1184	5.44
1185	5.635
1186	5.613
1187	5.513
1188	5.401
1189	5.431
1190	5.519
1191	5.379
1192	5.526
1193	5.31
1194	5.392
1195	5.439
1196	5.478
1197	5.458
1198	5.599
1199	5.613
1200	5.547
1201	5.552
1202	5.48
1203	5.624
1204	5.452
1205	5.663
1206	5.428
1207	5.471
1208	5.488
1209	5.513
1210	5.492
1211	5.56
1212	5.422
1213	5.493
1214	5.46
1215	5.418
1216	5.457
1217	5.546
1218	5.561
1219	5.501
1220	5.497
1221	5.428
1222	5.61
1223	5.583
1224	5.49
1225	5.594
1226	5.632
1227	5.578
1228	5.474
1229	5.529
1230	5.443
1231	5.363
1232	5.513
1233	5.3
1234	5.458
1235	5.543
1236	5.38
1237	5.462
1238	5.492
1239	5.586
1240	5.555
1241	5.345
1242	5.425
1243	5.479
1244	5.452
1245	5.53
1246	5.576
1247	5.498
1248	5.431
1249	5.495
1250	5.497
1251	5.606
1252	5.403
1253	5.582
1254	5.584
1255	5.4
1256	5.584
1257	5.316
1258	5.53
1259	5.532
1260	5.449
1261	5.417
1262	5.394
1263	5.543
1264	5.395
1265	5.534
1266	5.403
1267	5.514
1268	5.493
1269	5.478
1270	5.532
1271	5.544
1272	5.464
1273	5.361
1274	5.473
1275	5.551
1276	5.51
1277	5.446
1278	5.431
1279	5.412
1280	5.483
1281	5.362
1282	5.526
1283	5.528
1284	5.456
1285	5.418
1286	5.667
1287	5.541
1288	5.494
1289	5.565
1290	5.524
1291	5.5
1292	5.32
1293	5.408
1294	5.558
1295	5.567
1296	5.595
1297	5.595
1298	5.488
1299	5.585
1300	5.551
1301	5.635
1302	5.525
1303	5.532
1304	5.46
1305	5.368
1306	5.583
1307	5.533
1308	5.554
1309	5.496
1310	5.476
1311	5.52
1312	5.462
1313	5.601
1314	5.399
1315	5.474
1316	5.55
1317	5.358
1318	5.562
1319	5.422
1320	5.6
1321	5.538
1322	5.546
1323	5.578
1324	5.364
1325	5.522
1326	5.504
1327	5.482
1328	5.403
1329	5.6
1330	5.495
1331	5.374
1332	5.454
1333	5.365
1334	5.568
1335	5.715
1336	5.516
1337	5.577
1338	5.433
1339	5.475
1340	5.594
1341	5.612
1342	5.483
1343	5.524
1344	5.565
1345	5.393
1346	5.454
1347	5.442
1348	5.453
1349	5.421
1350	5.544
1351	5.455
1352	5.635
1353	5.468
1354	5.597
1355	5.458
1356	5.351
1357	5.384
1358	5.596
1359	5.583
1360	5.485
1361	5.563
1362	5.442
1363	5.347
1364	5.49
1365	5.574
1366	5.391
1367	5.56
1368	5.474
1369	5.611
1370	5.461
1371	5.437
1372	5.672
1373	5.409
1374	5.45
1375	5.516
1376	5.377
1377	5.404
1378	5.518
1379	5.354
1380	5.482
1381	5.612
1382	5.615
1383	5.589
1384	5.389
1385	5.533
1386	5.572
1387	5.515
1388	5.443
1389	5.534
1390	5.519
1391	5.442
1392	5.45
1393	5.548
1394	5.406
1395	5.597
1396	5.496
1397	5.347
1398	5.442
1399	5.46
1400	5.564
1401	5.455
1402	5.531
1403	5.318
1404	5.526
1405	5.461
1406	5.498
1407	5.505
1408	5.509
1409	5.493
1410	5.509
1411	5.457
1412	5.371
1413	5.526
1414	5.551
1415	5.469
1416	5.548
1417	5.525
1418	5.393
1419	5.406
1420	5.553
1421	5.364
1422	5.469
1423	5.546
1424	5.491
1425	5.391
1426	5.565
1427	5.377
1428	5.352
1429	5.587
1430	5.379
1431	5.582
1432	5.402
1433	5.514
1434	5.355
1435	5.611
1436	5.411
1437	5.633
1438	5.598
1439	5.563
1440	5.34
1441	5.415
1442	5.415
1443	5.483
1444	5.475
1445	5.441
1446	5.513
1447	5.319
1448	5.422
1449	5.421
1450	5.526
1451	5.523
1452	5.475
1453	5.551
1454	5.521
1455	5.625
1456	5.517
1457	5.585
1458	5.51
1459	5.291
1460	5.405
1461	5.694
1462	5.403
1463	5.535
1464	5.483
1465	5.666
1466	5.676
1467	5.406
1468	5.548
1469	5.385
1470	5.329
1471	5.404
1472	5.473
1473	5.419
1474	5.435
1475	5.437
1476	5.141
1477	5.502
1478	5.477
1479	5.46
1480	5.495
1481	5.423
1482	5.547
1483	5.364
1484	5.652
1485	5.46
1486	5.518
1487	5.484
1488	5.417
1489	5.448
1490	5.486
1491	5.371
1492	5.396
1493	5.423
1494	5.45
1495	5.621
1496	5.55
1497	5.498
1498	5.3
1499	5.515
1500	5.59
1501	5.564
1502	5.576
1503	5.403
1504	5.397
1505	5.471
1506	5.625
1507	5.507
1508	5.467
1509	5.622
1510	5.487
1511	5.469
1512	5.433
1513	5.423
1514	5.528
1515	5.523
1516	5.44
1517	5.408
1518	5.421
1519	5.49
1520	5.513
1521	5.666
1522	5.386
1523	5.579
1524	5.482
1525	5.398
1526	5.526
1527	5.441
1528	5.589
1529	5.575
1530	5.525
1531	5.543
1532	5.381
1533	5.543
1534	5.445
1535	5.588
1536	5.51
1537	5.658
1538	5.531
1539	5.495
1540	5.3
1541	5.444
1542	5.321
1543	5.535
1544	5.412
1545	5.529
1546	5.406
1547	5.442
1548	5.53
1549	5.682
1550	5.411
1551	5.44
1552	5.414
1553	5.356
1554	5.498
1555	5.605
1556	5.437
1557	5.46
1558	5.446
1559	5.355
1560	5.464
1561	5.562
1562	5.412
1563	5.568
1564	5.435
1565	5.367
1566	5.414
1567	5.493
1568	5.424
1569	5.528
1570	5.505
1571	5.44
1572	5.661
1573	5.459
1574	5.467
1575	5.524
1576	5.467
1577	5.375
1578	5.53
1579	5.436
1580	5.453
1581	5.472
1582	5.401
1583	5.465
1584	5.254
1585	5.415
1586	5.487
1587	5.565
1588	5.495
1589	5.624
1590	5.384
1591	5.489
1592	5.52
1593	5.456
1594	5.632
1595	5.369
1596	5.617
1597	5.327
1598	5.525
1599	5.486
1600	5.437
1601	5.486
1602	5.501
1603	5.585
1604	5.54
1605	5.418
1606	5.597
1607	5.42
1608	5.563
1609	5.51
1610	5.534
1611	5.612
1612	5.457
1613	5.527
1614	5.555
1615	5.379
1616	5.491
1617	5.392
1618	5.607
1619	5.667
1620	5.546
1621	5.489
1622	5.557
1623	5.663
1624	5.355
1625	5.362
1626	5.509
1627	5.368
1628	5.453
1629	5.544
1630	5.432
1631	5.429
1632	5.483
1633	5.475
1634	5.464
1635	5.516
1636	5.454
1637	5.532
1638	5.384
1639	5.739
1640	5.419
1641	5.591
1642	5.507
1643	5.497
1644	5.575
1645	5.465
1646	5.428
1647	5.513
1648	5.623
1649	5.485
1650	5.557
1651	5.569
1652	5.514
1653	5.447
1654	5.542
1655	5.47
1656	5.228
1657	5.457
1658	5.59
1659	5.615
1660	5.338
1661	5.681
1662	5.517
1663	5.566
1664	5.512
1665	5.549
1666	5.462
1667	5.453
1668	5.512
1669	5.534
1670	5.49
1671	5.382
1672	5.431
1673	5.56
1674	5.46
1675	5.649
1676	5.556
1677	5.438
1678	5.832
1679	5.37
1680	5.557
1681	5.527
1682	5.429
1683	5.466
1684	5.403
1685	5.481
1686	5.42
1687	5.422
1688	5.381
1689	5.559
1690	5.406
1691	5.502
1692	5.416
1693	5.515
1694	5.415
1695	5.507
1696	5.455
1697	5.412
1698	5.663
1699	5.492
1700	5.449
1701	5.565
1702	5.591
1703	5.493
1704	5.535
1705	5.498
1706	5.546
1707	5.569
1708	5.511
1709	5.628
1710	5.574
1711	5.389
1712	5.47
1713	5.692
1714	5.523
1715	5.449
1716	5.209
1717	5.529
1718	5.473
1719	5.344
1720	5.569
1721	5.32
1722	5.445
1723	5.445
1724	5.588
1725	5.617
1726	5.521
1727	5.581
1728	5.618
1729	5.501
1730	5.551
1731	5.495
1732	5.227
1733	5.529
1734	5.321
1735	5.464
1736	5.563
1737	5.314
1738	5.379
1739	5.389
1740	5.54
1741	5.487
1742	5.607
1743	5.559
1744	5.54
1745	5.469
1746	5.686
1747	5.512
1748	5.557
1749	5.572
1750	5.613
1751	5.408
1752	5.594
1753	5.341
1754	5.655
1755	5.457
1756	5.463
1757	5.632
1758	5.557
1759	5.499
1760	5.329
1761	5.676
1762	5.542
1763	5.501
1764	5.466
1765	5.406
1766	5.567
1767	5.448
1768	5.582
1769	5.519
1770	5.567
1771	5.665
1772	5.497
1773	5.476
1774	5.494
1775	5.403
1776	5.435
1777	5.433
1778	5.534
1779	5.613
1780	5.307
1781	5.426
1782	5.518
1783	5.332
1784	5.372
1785	5.509
1786	5.594
1787	5.571
1788	5.171
1789	5.674
1790	5.645
1791	5.354
1792	5.556
1793	5.378
1794	5.523
1795	5.574
1796	5.315
1797	5.656
1798	5.632
1799	5.516
1800	5.496
1801	5.489
1802	5.439
1803	5.384
1804	5.598
1805	5.58
1806	5.5
1807	5.537
1808	5.426
1809	5.378
1810	5.389
1811	5.407
1812	5.493
1813	5.394
1814	5.64
1815	5.413
1816	5.238
1817	5.448
1818	5.612
1819	5.408
1820	5.555
1821	5.507
1822	5.421
1823	5.503
1824	5.382
1825	5.505
1826	5.466
1827	5.482
1828	5.433
1829	5.501
1830	5.454
1831	5.471
1832	5.404
1833	5.395
1834	5.412
1835	5.493
1836	5.712
1837	5.628
1838	5.497
1839	5.468
1840	5.455
1841	5.68
1842	5.362
1843	5.503
1844	5.423
1845	5.566
1846	5.512
1847	5.49
1848	5.506
1849	5.371
1850	5.492
1851	5.418
1852	5.444
1853	5.596
1854	5.655
1855	5.589
1856	5.538
1857	5.615
1858	5.414
1859	5.505
1860	5.627
1861	5.359
1862	5.403
1863	5.533
1864	5.724
1865	5.383
1866	5.523
1867	5.463
1868	5.628
1869	5.424
1870	5.604
1871	5.401
1872	5.463
1873	5.574
1874	5.571
1875	5.573
1876	5.445
1877	5.523
1878	5.567
1879	5.589
1880	5.535
1881	5.614
1882	5.412
1883	5.319
1884	5.525
1885	5.499
1886	5.469
1887	5.668
1888	5.522
1889	5.425
1890	5.527
1891	5.313
1892	5.391
1893	5.432
1894	5.413
1895	5.59
1896	5.398
1897	5.606
1898	5.52
1899	5.575
1900	5.51
1901	5.397
1902	5.568
1903	5.556
1904	5.362
1905	5.529
1906	5.408
1907	5.488
1908	5.511
1909	5.63
1910	5.507
1911	5.438
1912	5.45
1913	5.469
1914	5.353
1915	5.544
1916	5.447
1917	5.486
1918	5.447
1919	5.445
1920	5.553
1921	5.53
1922	5.487
1923	5.508
1924	5.424
1925	5.359
1926	5.482
1927	5.448
1928	5.436
1929	5.516
1930	5.424
1931	5.556
1932	5.613
1933	5.461
1934	5.519
1935	5.501
1936	5.617
1937	5.49
1938	5.377
1939	5.365
1940	5.365
1941	5.478
1942	5.492
1943	5.369
1944	5.445
1945	5.565
1946	5.58
1947	5.493
1948	5.486
1949	5.473
1950	5.539
1951	5.369
1952	5.547
1953	5.393
1954	5.426
1955	5.275
1956	5.463
1957	5.417
1958	5.459
1959	5.542
1960	5.586
1961	5.512
1962	5.409
1963	5.591
1964	5.526
1965	5.52
1966	5.487
1967	5.33
1968	5.488
1969	5.454
1970	5.463
1971	5.599
1972	5.338
1973	5.475
1974	5.499
1975	5.617
1976	5.489
1977	5.616
1978	5.495
1979	5.581
1980	5.714
1981	5.422
1982	5.585
1983	5.483
1984	5.563
1985	5.421
1986	5.568
1987	5.746
1988	5.449
1989	5.539
1990	5.483
1991	5.614
1992	5.655
1993	5.425
1994	5.43
1995	5.515
1996	5.53
1997	5.508
1998	5.461
1999	5.487
2000	5.492
2001	5.491
2002	5.443
2003	5.519
2004	5.55
2005	5.502
2006	5.699
2007	5.467
2008	5.524
2009	5.483
2010	5.427
2011	5.506
2012	5.307
2013	5.621
2014	5.451
2015	5.489
2016	5.474
2017	5.566
2018	5.431
2019	5.452
2020	5.244
2021	5.452
2022	5.581
2023	5.437
2024	5.515
2025	5.41
2026	5.443
2027	5.626
2028	5.491
2029	5.541
2030	5.624
2031	5.473
2032	5.419
2033	5.551
2034	5.602
2035	5.591
2036	5.554
2037	5.554
2038	5.448
2039	5.394
2040	5.427
2041	5.409
2042	5.263
2043	5.392
2044	5.541
2045	5.418
2046	5.478
2047	5.546
2048	5.504
2049	5.352
2050	5.495
2051	5.418
2052	5.523
2053	5.348
2054	5.532
2055	5.579
2056	5.4
2057	5.303
2058	5.427
2059	5.522
2060	5.453
2061	5.526
2062	5.474
2063	5.422
2064	5.58
2065	5.512
2066	5.473
2067	5.428
2068	5.48
2069	5.589
2070	5.456
2071	5.446
2072	5.373
2073	5.52
2074	5.398
2075	5.546
2076	5.485
2077	5.515
2078	5.498
2079	5.406
2080	5.527
2081	5.486
2082	5.479
2083	5.557
2084	5.444
2085	5.402
2086	5.501
2087	5.436
2088	5.405
2089	5.51
2090	5.408
2091	5.485
2092	5.574
2093	5.566
2094	5.238
2095	5.602
2096	5.352
2097	5.608
2098	5.533
2099	5.424
2100	5.419
2101	5.374
2102	5.572
2103	5.502
2104	5.337
2105	5.44
2106	5.426
2107	5.474
2108	5.413
2109	5.509
2110	5.381
2111	5.441
2112	5.494
2113	5.387
2114	5.477
2115	5.413
2116	5.423
2117	5.606
2118	5.401
2119	5.506
2120	5.315
2121	5.456
2122	5.539
2123	5.57
2124	5.448
2125	5.513
2126	5.468
2127	5.447
2128	5.404
2129	5.47
2130	5.503
2131	5.62
2132	5.685
2133	5.59
2134	5.379
2135	5.69
2136	5.286
2137	5.412
2138	5.573
2139	5.553
2140	5.399
2141	5.435
2142	5.642
2143	5.366
2144	5.516
2145	5.5
2146	5.433
2147	5.632
2148	5.593
2149	5.426
2150	5.502
2151	5.517
2152	5.569
2153	5.431
2154	5.416
2155	5.427
2156	5.309
2157	5.439
2158	5.372
2159	5.501
2160	5.557
2161	5.414
2162	5.417
2163	5.606
2164	5.523
2165	5.325
2166	5.357
2167	5.499
2168	5.426
2169	5.468
2170	5.515
2171	5.559
2172	5.541
2173	5.544
2174	5.498
2175	5.351
2176	5.435
2177	5.328
2178	5.56
2179	5.237
2180	5.479
2181	5.548
2182	5.478
2183	5.608
2184	5.493
2185	5.526
2186	5.259
2187	5.454
2188	5.38
2189	5.54
2190	5.388
2191	5.559
2192	5.636
2193	5.542
2194	5.424
2195	5.44
2196	5.485
2197	5.355
2198	5.39
2199	5.54
2200	5.468
2201	5.47
2202	5.432
2203	5.569
2204	5.594
2205	5.492
2206	5.448
2207	5.453
2208	5.498
2209	5.6
2210	5.467
2211	5.5
2212	5.403
2213	5.465
2214	5.484
2215	5.601
2216	5.689
2217	5.327
2218	5.559
2219	5.651
2220	5.571
2221	5.499
2222	5.496
2223	5.536
2224	5.382
2225	5.503
2226	5.472
2227	5.378
2228	5.516
2229	5.471
2230	5.288
2231	5.523
2232	5.437
2233	5.615
2234	5.427
2235	5.24
2236	5.401
2237	5.484
2238	5.59
2239	5.561
2240	5.45
2241	5.459
2242	5.393
2243	5.319
2244	5.474
2245	5.505
2246	5.569
2247	5.497
2248	5.35
2249	5.49
2250	5.572
2251	5.517
2252	5.429
2253	5.472
2254	5.593
2255	5.523
2256	5.46
2257	5.543
2258	5.363
2259	5.448
2260	5.428
2261	5.603
2262	5.464
2263	5.563
2264	5.438
2265	5.563
2266	5.447
2267	5.548
2268	5.537
2269	5.503
2270	5.458
2271	5.518
2272	5.547
2273	5.414
2274	5.418
2275	5.418
2276	5.423
2277	5.411
2278	5.418
2279	5.665
2280	5.652
2281	5.494
2282	5.471
2283	5.583
2284	5.349
2285	5.522
2286	5.703
2287	5.512
2288	5.308
2289	5.473
2290	5.418
2291	5.368
2292	5.439
2293	5.58
2294	5.457
2295	5.652
2296	5.51
2297	5.486
2298	5.475
2299	5.327
2300	5.47
2301	5.355
2302	5.675
2303	5.606
2304	5.635
2305	5.465
2306	5.487
2307	5.435
2308	5.403
2309	5.506
2310	5.572
2311	5.411
2312	5.414
2313	5.394
2314	5.572
2315	5.686
2316	5.596
2317	5.547
2318	5.451
2319	5.462
2320	5.611
2321	5.446
2322	5.541
2323	5.404
2324	5.572
2325	5.431
2326	5.604
2327	5.467
2328	5.47
2329	5.5
2330	5.539
2331	5.659
2332	5.449
2333	5.527
2334	5.404
2335	5.441
2336	5.665
2337	5.425
2338	5.546
2339	5.404
2340	5.652
2341	5.559
2342	5.545
2343	5.44
2344	5.547
2345	5.493
2346	5.415
2347	5.529
2348	5.606
2349	5.594
2350	5.422
2351	5.517
2352	5.537
2353	5.338
2354	5.483
2355	5.552
2356	5.426
2357	5.477
2358	5.458
2359	5.411
2360	5.52
2361	5.642
2362	5.502
2363	5.324
2364	5.431
2365	5.474
2366	5.337
2367	5.531
2368	5.453
2369	5.616
2370	5.529
2371	5.459
2372	5.568
2373	5.527
2374	5.485
2375	5.474
2376	5.409
2377	5.557
2378	5.542
2379	5.518
2380	5.434
2381	5.428
2382	5.427
2383	5.458
2384	5.629
2385	5.289
2386	5.517
2387	5.449
2388	5.391
2389	5.588
2390	5.399
2391	5.46
2392	5.534
2393	5.688
2394	5.29
2395	5.423
2396	5.422
2397	5.404
2398	5.48
2399	5.433
2400	5.591
2401	5.599
2402	5.487
2403	5.497
2404	5.476
2405	5.446
2406	5.4
2407	5.588
2408	5.531
2409	5.382
2410	5.672
2411	5.636
2412	5.644
2413	5.419
2414	5.378
2415	5.466
2416	5.527
2417	5.415
2418	5.387
2419	5.529
2420	5.405
2421	5.365
2422	5.486
2423	5.567
2424	5.563
2425	5.547
2426	5.454
2427	5.43
2428	5.295
2429	5.537
2430	5.646
2431	5.646
2432	5.354
2433	5.497
2434	5.447
2435	5.474
2436	5.52
2437	5.478
2438	5.428
2439	5.55
2440	5.468
2441	5.328
2442	5.407
2443	5.605
2444	5.324
2445	5.563
2446	5.516
2447	5.678
2448	5.444
2449	5.568
2450	5.445
2451	5.417
2452	5.473
2453	5.378
2454	5.595
2455	5.516
2456	5.535
2457	5.474
2458	5.585
2459	5.388
2460	5.499
2461	5.467
2462	5.438
2463	5.715
2464	5.594
2465	5.512
2466	5.435
2467	5.443
2468	5.468
2469	5.445
2470	5.629
2471	5.49
2472	5.404
2473	5.453
2474	5.54
2475	5.471
2476	5.423
2477	5.477
2478	5.514
2479	5.49
2480	5.522
2481	5.401
2482	5.55
2483	5.411
2484	5.456
2485	5.496
2486	5.494
2487	5.579
2488	5.558
2489	5.394
2490	5.596
2491	5.394
2492	5.57
2493	5.458
2494	5.332
2495	5.553
2496	5.376
2497	5.468
2498	5.44
2499	5.363
2500	5.456
2501	5.608
2502	5.457
2503	5.497
2504	5.476
2505	5.514
2506	5.384
2507	5.541
2508	5.629
2509	5.54
2510	5.416
2511	5.493
2512	5.554
2513	5.45
2514	5.428
2515	5.497
2516	5.375
2517	5.538
2518	5.5
2519	5.412
2520	5.669
2521	5.532
2522	5.612
2523	5.434
2524	5.602
2525	5.509
2526	5.388
2527	5.527
2528	5.439
2529	5.461
2530	5.475
2531	5.553
2532	5.54
2533	5.501
2534	5.591
2535	5.548
2536	5.61
2537	5.505
2538	5.517
2539	5.404
2540	5.422
2541	5.531
2542	5.328
2543	5.436
2544	5.583
2545	5.298
2546	5.47
2547	5.652
2548	5.49
2549	5.374
2550	5.511
2551	5.537
2552	5.458
2553	5.464
2554	5.376
2555	5.493
2556	5.396
2557	5.402
2558	5.534
2559	5.585
2560	5.598
2561	5.32
2562	5.523
2563	5.315
2564	5.495
2565	5.424
2566	5.459
2567	5.352
2568	5.476
2569	5.601
2570	5.648
2571	5.678
2572	5.531
2573	5.51
2574	5.497
2575	5.389
2576	5.488
2577	5.655
2578	5.474
2579	5.511
2580	5.539
2581	5.526
2582	5.424
2583	5.368
2584	5.37
2585	5.53
2586	5.374
2587	5.494
2588	5.431
2589	5.64
2590	5.652
2591	5.547
2592	5.381
2593	5.474
2594	5.63
2595	5.443
2596	5.424
2597	5.5
2598	5.486
2599	5.478
2600	5.502
2601	5.588
2602	5.461
2603	5.547
2604	5.657
2605	5.485
2606	5.493
2607	5.369
2608	5.469
2609	5.436
2610	5.548
2611	5.464
2612	5.524
2613	5.427
2614	5.492
2615	5.534
2616	5.483
2617	5.433
2618	5.484
2619	5.406
2620	5.499
2621	5.409
2622	5.509
2623	5.522
2624	5.586
2625	5.468
2626	5.477
2627	5.558
2628	5.354
2629	5.409
2630	5.384
2631	5.549
2632	5.541
2633	5.523
2634	5.263
2635	5.602
2636	5.412
2637	5.517
2638	5.378
2639	5.392
2640	5.396
2641	5.504
2642	5.426
2643	5.679
2644	5.462
2645	5.404
2646	5.39
2647	5.658
2648	5.383
2649	5.381
2650	5.37
2651	5.348
2652	5.537
2653	5.565
2654	5.54
2655	5.426
2656	5.353
2657	5.344
2658	5.595
2659	5.465
2660	5.39
2661	5.435
2662	5.487
2663	5.602
2664	5.458
2665	5.444
2666	5.512
2667	5.547
2668	5.477
2669	5.415
2670	5.59
2671	5.589
2672	5.682
2673	5.475
2674	5.471
2675	5.479
2676	5.618
2677	5.41
2678	5.565
2679	5.435
2680	5.426
2681	5.456
2682	5.484
2683	5.544
2684	5.523
2685	5.495
2686	5.346
2687	5.562
2688	5.56
2689	5.692
2690	5.491
2691	5.475
2692	5.42
2693	5.552
2694	5.557
2695	5.328
2696	5.726
2697	5.484
2698	5.543
2699	5.606
2700	5.467
2701	5.761
2702	5.434
2703	5.545
2704	5.455
2705	5.433
2706	5.572
2707	5.522
2708	5.516
2709	5.567
2710	5.371
2711	5.524
2712	5.414
2713	5.647
2714	5.335
2715	5.485
2716	5.58
2717	5.488
2718	5.544
2719	5.493
2720	5.496
2721	5.505
2722	5.548
2723	5.536
2724	5.474
2725	5.412
2726	5.533
2727	5.427
2728	5.369
2729	5.539
2730	5.559
2731	5.441
2732	5.406
2733	5.475
2734	5.551
2735	5.538
2736	5.559
2737	5.312
2738	5.433
2739	5.514
2740	5.383
2741	5.505
2742	5.529
2743	5.363
2744	5.46
2745	5.419
2746	5.582
2747	5.305
2748	5.549
2749	5.607
2750	5.506
2751	5.49
2752	5.482
2753	5.505
2754	5.396
2755	5.478
2756	5.604
2757	5.544
2758	5.375
2759	5.443
2760	5.38
2761	5.462
2762	5.542
2763	5.428
2764	5.609
2765	5.548
2766	5.59
2767	5.719
2768	5.511
2769	5.508
2770	5.382
2771	5.208
2772	5.298
2773	5.426
2774	5.389
2775	5.439
2776	5.341
2777	5.368
2778	5.444
2779	5.448
2780	5.648
2781	5.521
2782	5.43
2783	5.358
2784	5.422
2785	5.476
2786	5.539
2787	5.555
2788	5.455
2789	5.525
2790	5.581
2791	5.436
2792	5.473
2793	5.457
2794	5.39
2795	5.426
2796	5.493
2797	5.474
2798	5.535
2799	5.436
2800	5.38
2801	5.502
2802	5.631
2803	5.418
2804	5.415
2805	5.439
2806	5.491
2807	5.544
2808	5.517
2809	5.635
2810	5.667
2811	5.535
2812	5.484
2813	5.449
2814	5.353
2815	5.619
2816	5.462
2817	5.506
2818	5.456
2819	5.454
2820	5.481
2821	5.448
2822	5.516
2823	5.449
2824	5.45
2825	5.511
2826	5.584
2827	5.481
2828	5.634
2829	5.388
2830	5.446
2831	5.558
2832	5.508
2833	5.351
2834	5.534
2835	5.525
2836	5.528
2837	5.545
2838	5.333
2839	5.501
2840	5.422
2841	5.397
2842	5.468
2843	5.499
2844	5.525
2845	5.367
2846	5.541
2847	5.707
2848	5.608
2849	5.464
2850	5.754
2851	5.597
2852	5.587
2853	5.322
2854	5.33
2855	5.674
2856	5.455
2857	5.447
2858	5.461
2859	5.547
2860	5.382
2861	5.364
2862	5.596
2863	5.497
2864	5.595
2865	5.538
2866	5.481
2867	5.427
2868	5.558
2869	5.457
2870	5.482
2871	5.611
2872	5.585
2873	5.57
2874	5.531
2875	5.331
2876	5.577
2877	5.468
2878	5.513
2879	5.505
2880	5.419
2881	5.516
2882	5.55
2883	5.437
2884	5.499
2885	5.523
2886	5.502
2887	5.528
2888	5.364
2889	5.362
2890	5.492
2891	5.457
2892	5.709
2893	5.569
2894	5.476
2895	5.483
2896	5.444
2897	5.5
2898	5.51
2899	5.552
2900	5.443
2901	5.384
2902	5.645
2903	5.565
2904	5.534
2905	5.392
2906	5.356
2907	5.533
2908	5.601
2909	5.453
2910	5.41
2911	5.535
2912	5.467
2913	5.413
2914	5.526
2915	5.42
2916	5.38
2917	5.458
2918	5.609
2919	5.486
2920	5.33
2921	5.475
2922	5.422
2923	5.571
2924	5.44
2925	5.489
2926	5.499
2927	5.549
2928	5.465
2929	5.494
2930	5.489
2931	5.558
2932	5.557
2933	5.403
2934	5.482
2935	5.495
2936	5.503
2937	5.475
2938	5.581
2939	5.582
2940	5.341
2941	5.605
2942	5.409
2943	5.36
2944	5.525
2945	5.319
2946	5.392
2947	5.498
2948	5.42
2949	5.572
2950	5.394
2951	5.602
2952	5.511
2953	5.497
2954	5.563
2955	5.437
2956	5.511
2957	5.343
2958	5.456
2959	5.487
2960	5.523
2961	5.371
2962	5.354
2963	5.585
2964	5.441
2965	5.627
2966	5.486
2967	5.412
2968	5.438
2969	5.404
2970	5.367
2971	5.556
2972	5.374
2973	5.456
2974	5.554
2975	5.454
2976	5.294
2977	5.552
2978	5.419
2979	5.253
2980	5.491
2981	5.502
2982	5.459
2983	5.559
2984	5.628
2985	5.455
2986	5.483
2987	5.494
2988	5.527
2989	5.545
2990	5.735
2991	5.406
2992	5.508
2993	5.541
2994	5.442
2995	5.375
2996	5.482
2997	5.382
2998	5.403
2999	5.578
3000	5.586
1001	4.484
1002	4.016
1003	3.076
1004	7.218
1005	7.772
1006	8.399
1007	9.058
1008	4.594
1009	8.825
1010	3.101
1011	3.885
1012	5.389
1013	10.3
1014	9.261
1015	7.972
1016	8.115
1017	7.114
1018	5.692
1019	9.525
1020	5.827
1021	6.401
1022	9.65
1023	8.917
1024	6.229
1025	6.616
1026	0.5962
1027	7.855
1028	3.689
1029	6.382
1030	8.1
1031	5.099
1032	7.811
1033	10.69
1034	4.478
1035	7.861
1036	8.35
1037	11.05
1038	9.708
1039	5.379
1040	6.878
1041	9.037
1042	6.125
1043	4.866
1044	6.311
1045	5.859
1046	6.379
1047	5.963
1048	6.04
1049	7.316
1050	4.85
1051	5.941
1052	7.848
1053	5.643
1054	6.234
1055	5.876
1056	5.691
1057	2.896
1058	9.592
1059	4.998
1060	8.02
1061	4.226
1062	3.479
1063	6.278
1064	10.36
1065	7.118
1066	7.434
1067	6.969
1068	6.583
1069	-0.01661
1070	3.816
1071	3.802
1072	6.73
1073	8.569
1074	6.495
1075	5.097
1076	6.581
1077	4.894
1078	5.611
1079	9.244
1080	4.503
1081	7.768
1082	5.968
1083	7.489
1084	6.127
1085	7.761
1086	6.719
1087	3.83
1088	5.858
1089	4.519
1090	5.031
1091	7.836
1092	7.297
1093	5.356
1094	7.684
1095	5.918
1096	12.37
1097	6.882
1098	1.838
1099	5.738
1100	9.068
1101	8.92
1102	8.507
1103	6.63
1104	4.181
1105	6.673
1106	4.011
1107	7.494
1108	8.245
1109	4.92
1110	6.574
1111	7.07
1112	4.327
1113	8.671
1114	5.164
1115	6.747
1116	4.554
1117	7.359
1118	7.526
1119	8.309
1120	5.397
1121	6.466
1122	5.585
1123	5.474
1124	6.497
1125	7.028
1126	7.095
1127	6.911
1128	8.213
1129	7.898
1130	5.903
1131	4.475
1132	6.43
1133	7.381
1134	5.935
1135	7.836
1136	7.016
1137	10.64
1138	3.868
1139	6.2
1140	6.933
1141	6.076
1142	4.483
1143	11.39
1144	7.306
1145	6.434
1146	3.98
1147	5.391
1148	5.604
1149	6.286
1150	6.047
1151	7.629
1152	4.929
1153	5.861
1154	5.672
1155	5.613
1156	3.118
1157	7.201
1158	3.695
1159	4.907
1160	10.07
1161	6.333
1162	3.353
1163	9.539
1164	4.329
1165	7.368
1166	2.925
1167	9.872
1168	5.652
1169	4.807
1170	5.072
1171	6.664
1172	1.303
1173	6.379
1174	7.741
1175	5.487
1176	9.818
1177	5.893
1178	3.703
1179	7.919
1180	10.01
1181	5.34
1182	6.649
1183	2.031
1184	7.539
1185	3.92
1186	6.372
1187	6.175
1188	6.338
1189	8.136
1190	7.123
1191	5.936
1192	6.328
1193	5.613
1194	2.634
1195	3.48
1196	6.212
1197	4.328
1198	7.643
1199	8.598
1200	4.902
1201	7.112
1202	4.919
1203	4.921
1204	5.48
1205	3.558
1206	5.061
1207	4.983
1208	2.629
1209	6.915
1210	8.879
1211	8.738
1212	6.371
1213	8.728
1214	5.019
1215	7.081
1216	3.673
1217	3.551
1218	7.457
1219	7.19
1220	6.39
1221	6.531
1222	5.115
1223	6.068
1224	6.873
1225	6.413
1226	7.051
1227	6.809
1228	5.718
1229	8.067
1230	6.351
1231	8.027
1232	6.112
1233	3.855
1234	6.306
1235	5.133
1236	9.062
1237	6.93
1238	8.208
1239	6.884
1240	7.794
1241	7.736
1242	6.233
1243	7.166
1244	4.55
1245	8.462
1246	7.199
1247	4.161
1248	6.202
1249	8.922
1250	6.968
1251	5.088
1252	4.571
1253	4.489
1254	9.084
1255	8.163
1256	4.243
1257	8.269
1258	5.135
1259	11.66
1260	4.935
1261	7.574
1262	8.259
1263	7.456
1264	4.392
1265	8.213
1266	6.806
1267	7.991
1268	6.513
1269	6.234
1270	6.513
1271	7.03
1272	5.769
1273	4.832
1274	4.513
1275	4.948
1276	5.642
1277	3.787
1278	6.665
1279	4.578
1280	3.796
1281	7.19
1282	6.268
1283	7.007
1284	5.984
1285	6.349
1286	5.852
1287	6.079
1288	3.619
1289	5.676
1290	6.126
1291	5.571
1292	4.712
1293	7.31
1294	5.367
1295	5.048
1296	6.841
1297	6.28
1298	6.784
1299	6.375
1300	3.925
1301	8.018
1302	7.374
1303	5.635
1304	4.728
1305	5.574
1306	5.169
1307	4.815
1308	8.129
1309	8.685
1310	4.766
1311	5.375
1312	6.172
1313	4.448
1314	8.902
1315	5.914
1316	11.15
1317	4.82
1318	6.683
1319	6.468
1320	4.736
1321	5.148
1322	6.722
1323	8.533
1324	6.204
1325	6.094
1326	6.354
1327	4.782
1328	5.076
1329	6.51
1330	7.941
1331	5.386
1332	7.549
1333	5.274
1334	6.405
1335	0.7501
1336	6.64
1337	8.584
1338	7.028
1339	7.376
1340	6.134
1341	4.22
1342	6.873
1343	4.625
1344	7.812
1345	8.567
1346	7.027
1347	6.552
1348	5.363
1349	6.172
1350	8.902
1351	12.01
1352	6.394
1353	6.174
1354	7.261
1355	8.053
1356	4.44
1357	3.916
1358	7.149
1359	7.681
1360	7.475
1361	7.819
1362	6.63
1363	7.735
1364	8.119
1365	6.684
1366	8.125
1367	8.53
1368	7.202
1369	6.786
1370	6.878
1371	10.16
1372	7.617
1373	6.851
1374	6.728
1375	7.367
1376	3.165
1377	7.051
1378	5.007
1379	5.016
1380	4.95
1381	3.689
1382	9.689
1383	6.185
1384	7.583
1385	5.231
1386	5.885
1387	7.048
1388	5.295
1389	3.249
1390	3.008
1391	4.907
1392	7.692
1393	6.755
1394	7.673
1395	10.05
1396	6.079
1397	8.394
1398	3.517
1399	6.868
1400	8.024
1401	8.705
1402	5.656
1403	3.758
1404	4.425
1405	7.093
1406	6.158
1407	7.988
1408	8.157
1409	7.589
1410	8.261
1411	6.177
1412	9.173
1413	5.831
1414	3.745
1415	3.842
1416	4.47
1417	6.752
1418	8.139
1419	3.804
1420	6.265
1421	3.933
1422	6.651
1423	6.58
1424	3.414
1425	7.422
1426	5.862
1427	7.231
1428	6.735
1429	12.04
1430	5.039
1431	5.779
1432	6.475
1433	4.948
1434	7.69
1435	9.912
1436	5.299
1437	5.904
1438	8.607
1439	10.86
1440	7.443
1441	6.654
1442	5.864
1443	3.503
1444	6.835
1445	7.437
1446	6.062
1447	8.276
1448	6.541
1449	6.34
1450	7.285
1451	4.973
1452	5.966
1453	6.635
1454	5.586
1455	7.625
1456	6.993
1457	4.477
1458	1.206
1459	8.913
1460	6.712
1461	6.302
1462	6.879
1463	6.158
1464	6.313
1465	8.216
1466	8.536
1467	7.439
1468	7.948
1469	6.103
1470	9.288
1471	7.656
1472	7.794
1473	5.346
1474	5.676
1475	8.188
1476	4.513
1477	6.629
1478	6.896
1479	5.305
1480	6.438
1481	7.825
1482	7.325
1483	5.555
1484	5.346
1485	4.235
1486	6.722
1487	5.589
1488	6.664
1489	5.408
1490	6.56
1491	7.794
1492	6.63
1493	5.292
1494	3.367
1495	5.082
1496	10.1
1497	3.443
1498	4.238
1499	1.675
1500	6.701
1501	6.602
1502	4.33
1503	6.16
1504	10.23
1505	5.635
1506	3.366
1507	3.6
1508	9.288
1509	11.37
1510	7.312
1511	6.776
1512	7.284
1513	5.785
1514	4.984
1515	3.392
1516	6.132
1517	6.531
1518	2.5
1519	10.86
1520	6.24
1521	8.488
1522	4.407
1523	6.873
1524	6.476
1525	5.113
1526	9.066
1527	2.819
1528	6.369
1529	6.178
1530	9.981
1531	4.918
1532	6.619
1533	3.953
1534	7.773
1535	4.671
1536	5.34
1537	6.129
1538	1.728
1539	5.02
1540	4.724
1541	6.381
1542	6.829
1543	6.748
1544	6.238
1545	9.811
1546	6.812
1547	7.209
1548	4.832
1549	4.03
1550	5.665
1551	2.432
1552	6.431
1553	6.872
1554	3.469
1555	3.289
1556	5.872
1557	7.095
1558	7.984
1559	7.026
1560	7.894
1561	6.291
1562	9.209
1563	7.795
1564	9.373
1565	6.64
1566	6.005
1567	7.966
1568	5.215
1569	7.377
1570	5.443
1571	5.121
1572	2.531
1573	5.407
1574	7.712
1575	9.137
1576	7.782
1577	6.411
1578	2.455
1579	5.1
1580	10.37
1581	7.238
1582	3.775
1583	3.446
1584	6.435
1585	7.042
1586	2.731
1587	1.967
1588	6.692
1589	6.31
1590	6.415
1591	5.012
1592	7.172
1593	4.143
1594	9.212
1595	7.124
1596	11.29
1597	10.76
1598	1.442
1599	9.899
1600	6.751
1601	8.269
1602	4.17
1603	5.538
1604	5.024
1605	3.886
1606	9.269
1607	6.065
1608	7.153
1609	6.504
1610	7.144
1611	6.098
1612	7.164
1613	5.574
1614	7.029
1615	7.79
1616	6.131
1617	5.171
1618	6.527
1619	3.632
1620	6.499
1621	6.633
1622	3.913
1623	4.923
1624	4.344
1625	5.024
1626	5.703
1627	3.565
1628	4.398
1629	8.493
1630	2.919
1631	3.538
1632	5.682
1633	6.169
1634	6.041
1635	7.771
1636	6.977
1637	4.447
1638	5.831
1639	7.16
1640	9.857
1641	5.695
1642	7.037
1643	7.913
1644	4.996
1645	7.573
1646	4.06
1647	3.847
1648	6.706
1649	7.451
1650	3.328
1651	3.967
1652	5.412
1653	6.457
1654	8.356
1655	4.585
1656	7.064
1657	7.814
1658	6.157
1659	5.042
1660	6.109
1661	1.022
1662	6.186
1663	9.602
1664	5.968
1665	5.108
1666	5.531
1667	6.067
1668	4.837
1669	5.125
1670	10.46
1671	4.041
1672	6.419
1673	7.813
1674	7.215
1675	6.125
1676	8.38
1677	-0.1313
1678	7.919
1679	5.756
1680	3.156
1681	8.956
1682	6.212
1683	6.949
1684	3.738
1685	5.557
1686	6.118
1687	8.989
1688	6.058
1689	5.968
1690	6.233
1691	4.565
1692	5.605
1693	6.271
1694	4.496
1695	5.357
1696	6.552
1697	6.073
1698	5.534
1699	7.035
1700	8.539
1701	6.743
1702	5.196
1703	8.026
1704	8.2
1705	6.561
1706	7.162
1707	5.523
1708	4.886
1709	7.051
1710	6.817
1711	5.609
1712	5.968
1713	6.095
1714	9.086
1715	3.731
1716	5.743
1717	4.249
1718	5.757
1719	4.96
1720	7.219
1721	6.448
1722	2.581
1723	7.532
1724	6.808
1725	7.656
1726	6.323
1727	6.055
1728	5.99
1729	6.431
1730	8.145
1731	4.465
1732	6.885
1733	8.244
1734	5.719
1735	7.363
1736	2.401
1737	7.161
1738	6.339
1739	4.156
1740	9.481
1741	5.184
1742	5.691
1743	8.558
1744	5.955
1745	7.503
1746	6.848
1747	5.71
1748	5.545
1749	6.484
1750	4.648
1751	7.762
1752	6.133
1753	8.079
1754	5.45
1755	7.096
1756	4.113
1757	3.856
1758	4.961
1759	4.588
1760	3.591
1761	4.954
1762	7.871
1763	4.81
1764	7.971
1765	5.077
1766	10.39
1767	9.383
1768	4.474
1769	7.138
1770	5.11
1771	5.81
1772	2.952
1773	6.566
1774	4.101
1775	9.711
1776	8.187
1777	7.032
1778	7.731
1779	3.629
1780	4.74
1781	6.125
1782	4.03
1783	5.447
1784	9.056
1785	3.943
1786	5.78
1787	7.062
1788	2.546
1789	6.253
1790	4.436
1791	4.697
1792	5.823
1793	6.907
1794	5.846
1795	6.054
1796	3.283
1797	3.924
1798	6.379
1799	8.191
1800	5.714
1801	6.736
1802	4.793
1803	6.038
1804	4.69
1805	4.39
1806	6.172
1807	7.395
1808	7.275
1809	8.444
1810	5.36
1811	6.24
1812	7.283
1813	8.444
1814	6.181
1815	5.748
1816	9.041
1817	6.665
1818	3.855
1819	6.221
1820	6.377
1821	3.888
1822	8.695
1823	5.822
1824	7.565
1825	5.777
1826	4.947
1827	7.811
1828	6.074
1829	6.064
1830	5.991
1831	8.945
1832	5.864
1833	7.787
1834	6.25
1835	3.109
1836	6.614
1837	7.724
1838	7.905
1839	7.633
1840	8.467
1841	8.377
1842	6.893
1843	6.394
1844	9.472
1845	2.716
1846	7.073
1847	5.198
1848	7.381
1849	7.858
1850	5.504
1851	8.732
1852	5.817
1853	5.861
1854	6.535
1855	6.847
1856	10.21
1857	4.448
1858	8.346
1859	7.555
1860	3.602
1861	6.534
1862	2.991
1863	7.886
1864	5.499
1865	5.018
1866	7.309
1867	8.867
1868	8.244
1869	4.097
1870	8.531
1871	6.908
1872	9.064
1873	6.226
1874	5.011
1875	5.114
1876	6.375
1877	5.389
1878	6.531
1879	5.175
1880	6.273
1881	3.52
1882	4.681
1883	8.113
1884	8.326
1885	7.395
1886	5.301
1887	3.258
1888	5.322
1889	7.24
1890	7.602
1891	9.043
1892	5.865
1893	5.296
1894	4.857
1895	6.557
1896	5.684
1897	6.912
1898	7.838
1899	8.066
1900	7.981
1901	4.678
1902	11.03
1903	6.819
1904	3.656
1905	9.056
1906	8.823
1907	7.043
1908	7.782
1909	4.086
1910	6.843
1911	6.404
1912	8.679
1913	1.051
1914	6.194
1915	6.271
1916	4.179
1917	7.536
1918	6.194
1919	9.343
1920	7.457
1921	6.131
1922	7.046
1923	8.163
1924	8.07
1925	4.936
1926	6.597
1927	6.242
1928	13.22
1929	7.387
1930	6.071
1931	7.929
1932	7.294
1933	5.166
1934	7.097
1935	4.808
1936	7.575
1937	7.174
1938	7.291
1939	7.721
1940	6.779
1941	2.399
1942	4.18
1943	11.6
1944	8.663
1945	3.094
1946	3.993
1947	4.677
1948	4.329
1949	5.896
1950	7.738
1951	6.275
1952	3.183
1953	3.869
1954	6.089
1955	3.888
1956	7.378
1957	5.13
1958	5.627
1959	3.498
1960	6.074
1961	0.8667
1962	5.083
1963	4.946
1964	2.177
1965	6.035
1966	6.426
1967	6.668
1968	7.082
1969	4.989
1970	6.153
1971	7.094
1972	8.151
1973	6.894
1974	6.463
1975	9.263
1976	6.307
1977	3.341
1978	8.053
1979	7.947
1980	5.99
1981	5.183
1982	5.914
1983	3.379
1984	6.101
1985	4.57
1986	6.107
1987	6.571
1988	7.089
1989	6.159
1990	6.262
1991	6.319
1992	7.38
1993	4.985
1994	8.572
1995	6.449
1996	6.9
1997	6.505
1998	7.004
1999	6.302
2000	6.308
2001	5.416
2002	2.202
2003	4.312
2004	4.991
2005	6.87
2006	8.461
2007	6.345
2008	4.288
2009	6.827
2010	5.917
2011	6.657
2012	6.569
2013	4.381
2014	6.412
2015	3.608
2016	9.123
2017	7.341
2018	7.174
2019	7.239
2020	6.494
2021	4.498
2022	4.671
2023	9.217
2024	6.626
2025	6.125
2026	5.906
2027	5.732
2028	4.655
2029	4.329
2030	9.081
2031	7.076
2032	7.235
2033	5.525
2034	5.482
2035	4.551
2036	5.111
2037	7.216
2038	6.842
2039	6.891
2040	6.743
2041	5.557
2042	2.949
2043	7.738
2044	7.316
2045	5.431
2046	5.471
2047	4.745
2048	8.208
2049	4.315
2050	6.788
2051	6.29
2052	4.668
2053	3.218
2054	4.145
2055	0.3609
2056	5.43
2057	6.898
2058	6.153
2059	7.283
2060	6.294
2061	6.362
2062	3.453
2063	7.589
2064	9.966
2065	7.187
2066	5.573
2067	6.69
2068	6.391
2069	4.395
2070	6.813
2071	4.829
2072	4.637
2073	5.908
2074	2.078
2075	5.869
2076	5.268
2077	6.092
2078	8.014
2079	6.265
2080	6.632
2081	9.158
2082	5.372
2083	6.225
2084	5.169
2085	5.287
2086	8.094
2087	9.474
2088	3.097
2089	6.322
2090	6.926
2091	4.3
2092	7.358
2093	5.387
2094	4.673
2095	7.493
2096	5.755
2097	3.632
2098	4.63
2099	6.295
2100	6.533
2101	4.505
2102	6.832
2103	6.881
2104	5.28
2105	2.53
2106	6.425
2107	2.613
2108	3.619
2109	6.938
2110	5.716
2111	6.709
2112	5.108
2113	3.034
2114	6.677
2115	4.736
2116	4.741
2117	5.885
2118	8.279
2119	5.326
2120	4.727
2121	3.881
2122	6.963
2123	6.544
2124	9.774
2125	6.359
2126	6.997
2127	6.705
2128	7.615
2129	6.936
2130	5.336
2131	7.75
2132	4.268
2133	4.007
2134	3.98
2135	1.891
2136	6.403
2137	3.475
2138	9.786
2139	8.432
2140	6.223
2141	6.755
2142	7.1
2143	3.746
2144	5.49
2145	3.966
2146	1.879
2147	5.401
2148	4.446
2149	7.143
2150	6.734
2151	4.155
2152	5.701
2153	4.259
2154	4.529
2155	5.452
2156	10.45
2157	9.436
2158	8.305
2159	5.516
2160	5.034
2161	6.432
2162	6.132
2163	5.904
2164	5.93
2165	9.639
2166	6.138
2167	8.528
2168	7.084
2169	7.803
2170	6.853
2171	7.242
2172	7.941
2173	3.939
2174	7.857
2175	7.528
2176	8.032
2177	5.292
2178	7.084
2179	8.505
2180	5.396
2181	9.19
2182	6.43
2183	6.444
2184	7.594
2185	5.898
2186	6.744
2187	9.381
2188	5.63
2189	5.672
2190	6.055
2191	5.014
2192	7.068
2193	6.571
2194	7.128
2195	4.054
2196	5.723
2197	5.818
2198	4.708
2199	5.177
2200	3.888
2201	5.692
2202	7.602
2203	6.055
2204	5.413
2205	6.554
2206	7.169
2207	6.318
2208	4.527
2209	11.5
2210	3.981
2211	5.996
2212	5.994
2213	7.351
2214	4.107
2215	5.553
2216	8.021
2217	5.137
2218	6.034
2219	6.775
2220	8.761
2221	6.581
2222	7.235
2223	3.52
2224	6.287
2225	5.834
2226	5.645
2227	5.829
2228	6.562
2229	5.382
2230	7.509
2231	6.767
2232	5.263
2233	7.762
2234	10.11
2235	8.563
2236	6.508
2237	5.841
2238	7.333
2239	5.326
2240	5.466
2241	7.332
2242	8.273
2243	5.027
2244	9.402
2245	6.752
2246	3.129
2247	8.365
2248	5.902
2249	5.304
2250	7.553
2251	3.671
2252	4.799
2253	3.308
2254	4.721
2255	7.421
2256	4.486
2257	1.396
2258	7.238
2259	3.834
2260	7.258
2261	5.308
2262	8.193
2263	10.44
2264	6.19
2265	6.256
2266	11.2
2267	7.549
2268	7.909
2269	5.706
2270	8.362
2271	6.256
2272	8.355
2273	6.635
2274	4.613
2275	6.081
2276	5.364
2277	4.756
2278	5.419
2279	6.13
2280	8.853
2281	8.13
2282	2.9
2283	7.9
2284	1.687
2285	8.448
2286	8.471
2287	4.451
2288	4.169
2289	8.295
2290	7.053
2291	6.831
2292	7.825
2293	3.425
2294	5.875
2295	2.302
2296	4.942
2297	3.244
2298	5.704
2299	8.686
2300	5.391
2301	5.528
2302	4.863
2303	7.127
2304	4.888
2305	5.273
2306	6.084
2307	8.495
2308	7.516
2309	4.979
2310	4.469
2311	6.266
2312	4.841
2313	5.821
2314	3.113
2315	4.948
2316	7.772
2317	5.188
2318	6.541
2319	7.148
2320	4.198
2321	6.854
2322	6.482
2323	5.823
2324	3.937
2325	7.588
2326	6.74
2327	4.223
2328	7.376
2329	7.126
2330	6.968
2331	6.549
2332	5.413
2333	4.414
2334	8.062
2335	4.826
2336	5.501
2337	3.49
2338	5.79
2339	7.889
2340	0.9233
2341	3.547
2342	5.597
2343	4.77
2344	5.7
2345	2.523
2346	6.425
2347	8.615
2348	4.482
2349	6.792
2350	4.371
2351	6.62
2352	7.931
2353	5.066
2354	7.459
2355	6.379
2356	5.343
2357	7.917
2358	5.086
2359	3.284
2360	6.389
2361	2.771
2362	-2.424
2363	5.812
2364	4.091
2365	6.749
2366	5.197
2367	10.53
2368	5.197
2369	6.734
2370	6.508
2371	4.394
2372	7.52
2373	6.661
2374	6.166
2375	6.852
2376	8.917
2377	6.975
2378	8.26
2379	5.479
2380	4.994
2381	6.688
2382	6.043
2383	7.909
2384	6.372
2385	6.287
2386	6.144
2387	9.935
2388	5.282
2389	0.3636
2390	6.2
2391	5.668
2392	7.599
2393	6.839
2394	5.156
2395	6.232
2396	6.824
2397	6.645
2398	5.606
2399	4.107
2400	8.88
2401	9.495
2402	2.574
2403	4.479
2404	7.815
2405	3.641
2406	8.737
2407	6.453
2408	4.706
2409	8.026
2410	5.441
2411	3.662
2412	5.987
2413	8.748
2414	6.813
2415	5.446
2416	8.063
2417	7.377
2418	5.683
2419	6.978
2420	9.561
2421	6.892
2422	5.915
2423	6.43
2424	5.451
2425	7.144
2426	9.645
2427	5.599
2428	6.542
2429	5.705
2430	8.6
2431	2.812
2432	6.262
2433	5.083
2434	6.88
2435	5.632
2436	6.745
2437	5.852
2438	5.388
2439	2.403
2440	6.894
2441	3.213
2442	5.937
2443	6.636
2444	9.97
2445	1.774
2446	4.655
2447	7.496
2448	6.34
2449	7.91
2450	7.435
2451	9.491
2452	5.919
2453	9.745
2454	7.067
2455	10.27
2456	7.132
2457	7.718
2458	4.853
2459	6.666
2460	6.165
2461	7.15
2462	7.534
2463	6.69
2464	8.133
2465	7.236
2466	3.545
2467	5.834
2468	7.182
2469	10.05
2470	7.607
2471	6.876
2472	11.32
2473	5.622
2474	5.626
2475	4.079
2476	8.073
2477	4.486
2478	2.879
2479	9.852
2480	3.383
2481	8.46
2482	3.285
2483	5.074
2484	4.353
2485	6.493
2486	8.664
2487	6.103
2488	5.447
2489	6.489
2490	7.18
2491	3.329
2492	6.807
2493	7.463
2494	8.379
2495	8.003
2496	7.897
2497	8.714
2498	6.687
2499	7.444
2500	6.266
2501	7.035
2502	2.587
2503	8.895
2504	8.008
2505	4.829
2506	6.122
2507	7.097
2508	6.132
2509	8.537
2510	6.332
2511	4.622
2512	4.486
2513	6.462
2514	6.105
2515	6.357
2516	5.492
2517	4.489
2518	5.269
2519	6.685
2520	5.06
2521	2.728
2522	3.804
2523	4.823
2524	6.595
2525	10.24
2526	0.1632
2527	6.625
2528	5.362
2529	4.152
2530	6.94
2531	9.736
2532	6.729
2533	6.084
2534	4.144
2535	7.609
2536	4.212
2537	7.671
2538	4.064
2539	4.964
2540	7.011
2541	6.741
2542	6.582
2543	5.29
2544	5.93
2545	5.673
2546	3.549
2547	6.368
2548	7.129
2549	5.629
2550	7.726
2551	5.717
2552	4.565
2553	3.306
2554	3.954
2555	6.364
2556	11.89
2557	6.584
2558	4.716
2559	6.876
2560	8.391
2561	7.935
2562	1.471
2563	5.92
2564	8.052
2565	8.974
2566	7.378
2567	5.129
2568	5.574
2569	8.46
2570	4.719
2571	3.697
2572	3.295
2573	4.961
2574	7.748
2575	5.496
2576	2.307
2577	5.404
2578	7.36
2579	6.887
2580	4.614
2581	4.944
2582	5.978
2583	0.684
2584	5.925
2585	7.219
2586	7.579
2587	5.712
2588	4.211
2589	5.7
2590	4.599
2591	6.324
2592	3.604
2593	5.944
2594	6.448
2595	5.701
2596	5.612
2597	3.344
2598	3.756
2599	5.541
2600	3.685
2601	6.992
2602	4.908
2603	4.24
2604	4.993
2605	7.133
2606	3.545
2607	9.649
2608	6.21
2609	5.071
2610	10.72
2611	4.381
2612	6.673
2613	7.168
2614	6.977
2615	5.886
2616	8.155
2617	4.169
2618	4.442
2619	6.783
2620	8.453
2621	8.43
2622	6.032
2623	4.864
2624	7.096
2625	1.585
2626	2.224
2627	8.438
2628	5.726
2629	8.691
2630	4.596
2631	7.65
2632	9.595
2633	2.715
2634	5.533
2635	4.688
2636	8.286
2637	4.407
2638	8.785
2639	7.868
2640	5.465
2641	5.494
2642	8.192
2643	10.31
2644	4.581
2645	5.844
2646	5.903
2647	4.924
2648	5.327
2649	3.632
2650	4.671
2651	5.074
2652	6.552
2653	4.562
2654	4.427
2655	4.087
2656	5.907
2657	6.534
2658	3.958
2659	6.85
2660	6.047
2661	5.259
2662	9.222
2663	4.388
2664	3.923
2665	4.978
2666	9.462
2667	4.141
2668	5.718
2669	3.161
2670	11.47
2671	6.263
2672	5.506
2673	5.818
2674	5.58
2675	6.171
2676	3.512
2677	5.679
2678	6.209
2679	5.106
2680	5.756
2681	6.282
2682	6.043
2683	7.326
2684	7.725
2685	5.617
2686	6.875
2687	8.955
2688	5.739
2689	7.501
2690	7.811
2691	5.303
2692	7.874
2693	6.937
2694	6.387
2695	6.215
2696	6.293
2697	5.388
2698	6.854
2699	8.305
2700	6.365
2701	5.876
2702	7.771
2703	6.779
2704	6.529
2705	4.362
2706	5.038
2707	7.549
2708	4.383
2709	6.307
2710	6.574
2711	6.694
2712	7.822
2713	5.041
2714	6.797
2715	6.373
2716	6.894
2717	4.674
2718	3.978
2719	4.749
2720	8.186
2721	6.665
2722	6.037
2723	4.257
2724	6.305
2725	4.848
2726	4.858
2727	9.544
2728	4.551
2729	6.923
2730	3.74
2731	8.991
2732	7.776
2733	7.19
2734	3.223
2735	8.846
2736	6.296
2737	6.247
2738	5.018
2739	3.587
2740	4.725
2741	3.88
2742	2.752
2743	5.958
2744	3.157
2745	3.197
2746	5.211
2747	6.844
2748	9.205
2749	3.996
2750	10.49
2751	5.02
2752	9.762
2753	4.308
2754	6.319
2755	7.683
2756	4.099
2757	5.674
2758	9.52
2759	4.017
2760	7.02
2761	6.955
2762	6.875
2763	4.199
2764	4.134
2765	9.096
2766	9.074
2767	7.788
2768	6.767
2769	4.609
2770	6.334
2771	4.409
2772	6.419
2773	5.156
2774	5.071
2775	6.015
2776	4.787
2777	4.189
2778	4.738
2779	4.229
2780	6.321
2781	5.423
2782	7.054
2783	5.114
2784	5.653
2785	7.317
2786	4.763
2787	8.251
2788	6.564
2789	7.472
2790	9.083
2791	5.635
2792	6.636
2793	4.822
2794	7.802
2795	6.378
2796	5.432
2797	5.701
2798	8.213
2799	5.652
2800	3.857
2801	6.822
2802	5.689
2803	5.33
2804	6.964
2805	6.245
2806	6.049
2807	3.751
2808	2.737
2809	7.338
2810	7.206
2811	4.429
2812	6.184
2813	5.44
2814	7.319
2815	4.287
2816	5.969
2817	8.611
2818	5.547
2819	6.044
2820	6.449
2821	5.269
2822	7.186
2823	6.529
2824	4.939
2825	4.634
2826	8.82
2827	4.378
2828	8.936
2829	5.407
2830	5.96
2831	6.595
2832	6.0
2833	8.21
2834	5.564
2835	7.446
2836	4.023
2837	7.72
2838	8.203
2839	7.691
2840	9.297
2841	6.203
2842	4.665
2843	8.803
2844	5.609
2845	6.585
2846	7.594
2847	6.157
2848	6.362
2849	5.535
2850	4.057
2851	5.575
2852	6.891
2853	7.587
2854	5.796
2855	3.066
2856	6.482
2857	10.33
2858	7.327
2859	5.316
2860	5.765
2861	7.047
2862	4.349
2863	10.39
2864	4.04
2865	5.828
2866	4.489
2867	4.817
2868	5.399
2869	6.225
2870	6.061
2871	2.285
2872	6.298
2873	8.712
2874	5.148
2875	2.015
2876	7.664
2877	6.429
2878	7.038
2879	5.208
2880	7.577
2881	3.053
2882	5.344
2883	4.337
2884	6.095
2885	9.046
2886	5.498
2887	6.539
2888	2.87
2889	4.07
2890	4.885
2891	6.751
2892	9.659
2893	4.509
2894	8.392
2895	5.808
2896	4.993
2897	2.546
2898	6.317
2899	6.816
2900	7.801
2901	4.02
2902	5.625
2903	5.757
2904	6.588
2905	5.777
2906	4.754
2907	7.104
2908	9.895
2909	5.016
2910	5.992
2911	6.11
2912	5.668
2913	7.869
2914	5.268
2915	6.491
2916	2.574
2917	6.991
2918	6.892
2919	9.791
2920	5.948
2921	5.815
2922	9.782
2923	6.39
2924	5.735
2925	5.872
2926	2.404
2927	6.849
2928	1.649
2929	9.543
2930	7.902
2931	9.379
2932	6.7
2933	5.581
2934	5.479
2935	4.348
2936	5.727
2937	3.995
2938	6.177
2939	6.996
2940	7.213
2941	7.591
2942	5.51
2943	4.834
2944	4.798
2945	5.79
2946	6.14
2947	5.294
2948	6.682
2949	7.488
2950	6.246
2951	6.695
2952	5.129
2953	6.581
2954	10.06
2955	5.182
2956	5.154
2957	6.573
2958	5.508
2959	6.561
2960	9.72
2961	7.815
2962	7.272
2963	6.669
2964	0.1449
2965	8.314
2966	7.026
2967	8.345
2968	7.38
2969	4.835
2970	5.601
2971	3.337
2972	7.119
2973	6.508
2974	2.697
2975	8.987
2976	7.508
2977	6.024
2978	8.361
2979	5.136
2980	5.9
2981	7.869
2982	6.027
2983	5.553
2984	4.404
2985	8.081
2986	4.58
2987	6.901
2988	6.328
2989	3.187
2990	4.387
2991	5.755
2992	7.473
2993	6.054
2994	5.136
2995	7.004
2996	7.269
2997	5.874
2998	8.97
2999	6.302
3000	6.612
1001	36.15
1002	32.76
1003	37.86
1004	33.25
1005	33.96
1006	33.1
1007	34.55
1008	34.23
1009	34.56
1010	36.92
1011	33.2
1012	33.84
1013	40.58
1014	34.25
1015	33.28
1016	32.99
1017	33.1
1018	33.52
1019	35.69
1020	32.24
1021	34.78
1022	38.95
1023	40.96
1024	33.6
1025	38.34
1026	45.06
1027	38.15
1028	37.67
1029	31.14
1030	33.25
1031	34.04
1032	34.04
1033	37.37
1034	33.02
1035	33.61
1036	34.22
1037	38.73
1038	40.41
1039	34.47
1040	32.61
1041	38.12
1042	33.05
1043	40.24
1044	31.53
1045	33.42
1046	35.19
1047	31.51
1048	36.29
1049	35.4
1050	33.88
1051	37.02
1052	34.18
1053	32.02
1054	31.43
1055	31.6
1056	38.89
1057	34.54
1058	35.08
1059	31.52
1060	33.6
1061	41.59
1062	34.23
1063	31.16
1064	39.1
1065	34.1
1066	33.58
1067	32.2
1068	34.45
1069	45.39
1070	34.62
1071	32.91
1072	31.53
1073	35.88
1074	31.94
1075	31.76
1076	32.22
1077	32.17
1078	33.81
1079	35.74
1080	36.81
1081	34.23
1082	32.44
1083	34.67
1084	33.1
1085	33.25
1086	32.97
1087	33.5
1088	31.31
1089	33.46
1090	32.06
1091	32.85
1092	32.98
1093	31.29
1094	32.29
1095	31.46
1096	42.34
1097	31.39
1098	38.59
1099	33.26
1100	36.53
1101	33.9
1102	36.16
1103	33.2
1104	33.08
1105	31.32
1106	35.81
1107	31.63
1108	33.66
1109	33.27
1110	31.56
1111	32.01
1112	33.46
1113	34.21
1114	32.57
1115	32.56
1116	32.42
1117	31.63
1118	32.6
1119	33.34
1120	32.89
1121	33.52
1122	31.97
1123	31.5
1124	31.06
1125	34.18
1126	31.39
1127	31.98
1128	33.34
1129	32.14
1130	31.08
1131	36.38
1132	34.85
1133	34.86
1134	31.31
1135	32.82
1136	32.57
1137	37.91
1138	33.8
1139	31.77
1140	31.5
1141	32.97
1142	34.09
1143	42.0
1144	32.98
1145	31.26
1146	33.39
1147	31.48
1148	33.41
1149	32.43
1150	34.89
1151	32.05
1152	33.99
1153	35.16
1154	38.92
1155	31.25
1156	45.36
1157	31.37
1158	36.45
1159	35.81
1160	48.82
1161	34.91
1162	34.04
1163	35.05
1164	35.11
1165	32.93
1166	35.64
1167	35.7
1168	31.81
1169	34.17
1170	34.33
1171	32.26
1172	40.01
1173	34.73
1174	34.58
1175	31.53
1176	35.51
1177	36.41
1178	36.98
1179	32.26
1180	35.98
1181	32.47
1182	34.01
1183	37.37
1184	32.53
1185	35.91
1186	33.29
1187	31.88
1188	34.63
1189	32.72
1190	31.47
1191	35.63
1192	31.82
1193	37.91
1194	36.16
1195	34.73
1196	31.07
1197	33.75
1198	33.74
1199	35.18
1200	32.22
1201	31.97
1202	32.0
1203	39.06
1204	31.39
1205	37.35
1206	31.95
1207	31.76
1208	35.49
1209	31.41
1210	36.31
1211	33.95
1212	31.63
1213	33.34
1214	31.67
1215	32.63
1216	33.32
1217	33.86
1218	32.57
1219	33.07
1220	32.83
1221	31.73
1222	33.75
1223	32.74
1224	31.24
1225	33.75
1226	34.32
1227	35.94
1228	31.3
1229	32.7
1230	31.52
1231	34.22
1232	31.51
1233	39.07
1234	31.59
1235	31.87
1236	36.42
1237	32.3
1238	36.08
1239	32.86
1240	33.14
1241	34.58
1242	32.58
1243	32.07
1244	32.26
1245	32.99
1246	32.82
1247	33.46
1248	32.2
1249	34.81
1250	31.27
1251	34.58
1252	33.31
1253	35.82
1254	34.97
1255	34.08
1256	34.06
1257	36.26
1258	32.0
1259	39.9
1260	32.33
1261	33.71
1262	34.42
1263	32.03
1264	33.49
1265	35.63
1266	32.59
1267	32.51
1268	32.56
1269	32.12
1270	31.43
1271	32.0
1272	31.18
1273	35.3
1274	32.0
1275	32.52
1276	33.83
1277	35.45
1278	33.97
1279	35.13
1280	33.07
1281	34.09
1282	31.6
1283	34.47
1284	31.39
1285	31.78
1286	41.39
1287	31.65
1288	33.38
1289	32.72
1290	31.52
1291	31.36
1292	35.63
1293	32.46
1294	32.01
1295	32.52
1296	32.86
1297	32.74
1298	31.53
1299	32.72
1300	33.54
1301	35.41
1302	32.44
1303	31.6
1304	40.46
1305	33.78
1306	33.24
1307	33.02
1308	33.31
1309	33.12
1310	31.92
1311	31.46
1312	32.17
1313	36.7
1314	34.81
1315	33.06
1316	38.78
1317	33.93
1318	32.01
1319	31.67
1320	34.36
1321	31.8
1322	38.81
1323	35.08
1324	34.63
1325	32.15
1326	31.82
1327	34.88
1328	32.5
1329	33.22
1330	32.2
1331	34.73
1332	33.68
1333	34.48
1334	32.2
1335	44.82
1336	31.21
1337	35.86
1338	31.92
1339	31.59
1340	32.68
1341	37.04
1342	31.44
1343	32.48
1344	32.81
1345	34.11
1346	32.85
1347	35.05
1348	31.78
1349	33.43
1350	33.86
1351	41.36
1352	34.83
1353	31.97
1354	34.59
1355	33.89
1356	40.8
1357	35.82
1358	33.03
1359	33.06
1360	32.47
1361	35.86
1362	31.97
1363	34.69
1364	32.28
1365	32.29
1366	35.72
1367	33.77
1368	31.42
1369	33.52
1370	31.75
1371	36.7
1372	37.74
1373	32.04
1374	31.33
1375	38.95
1376	39.16
1377	32.62
1378	31.72
1379	38.86
1380	31.88
1381	35.22
1382	38.98
1383	32.5
1384	33.53
1385	34.61
1386	32.27
1387	33.92
1388	32.02
1389	34.39
1390	37.37
1391	35.45
1392	34.34
1393	32.17
1394	32.71
1395	37.61
1396	38.41
1397	37.6
1398	34.01
1399	31.96
1400	32.97
1401	35.56
1402	37.72
1403	37.56
1404	33.36
1405	31.54
1406	32.77
1407	32.15
1408	33.44
1409	32.64
1410	32.56
1411	31.47
1412	36.81
1413	31.3
1414	34.07
1415	33.18
1416	32.53
1417	31.37
1418	33.91
1419	33.86
1420	32.4
1421	36.21
1422	31.16
1423	31.68
1424	34.78
1425	34.75
1426	33.82
1427	33.11
1428	34.96
1429	41.92
1430	34.37
1431	32.75
1432	36.53
1433	31.82
1434	34.17
1435	37.3
1436	32.24
1437	33.99
1438	44.43
1439	38.55
1440	34.64
1441	32.13
1442	35.91
1443	34.37
1444	34.12
1445	35.41
1446	31.5
1447	39.35
1448	34.6
1449	31.75
1450	40.59
1451	32.22
1452	33.83
1453	31.91
1454	31.94
1455	40.02
1456	31.79
1457	34.44
1458	38.48
1459	39.9
1460	32.11
1461	36.93
1462	33.52
1463	31.42
1464	31.04
1465	37.01
1466	39.14
1467	33.86
1468	33.23
1469	33.16
1470	37.27
1471	35.05
1472	36.63
1473	32.05
1474	34.21
1475	32.86
1476	45.11
1477	31.15
1478	33.75
1479	31.4
1480	31.06
1481	34.79
1482	32.7
1483	36.12
1484	41.96
1485	35.27
1486	32.21
1487	31.15
1488	32.09
1489	34.18
1490	33.32
1491	40.81
1492	34.04
1493	32.4
1494	33.83
1495	34.28
1496	36.34
1497	35.06
1498	37.05
1499	37.45
1500	32.95
1501	33.24
1502	38.36
1503	38.3
1504	37.45
1505	31.17
1506	37.72
1507	36.46
1508	34.18
1509	40.83
1510	31.8
1511	34.07
1512	32.43
1513	31.98
1514	31.77
1515	33.75
1516	31.36
1517	32.07
1518	35.86
1519	39.98
1520	31.2
1521	36.91
1522	33.5
1523	32.44
1524	31.38
1525	33.74
1526	34.3
1527	34.94
1528	32.56
1529	32.25
1530	35.74
1531	34.84
1532	33.98
1533	33.49
1534	33.66
1535	34.58
1536	31.43
1537	36.33
1538	45.0
1539	32.21
1540	36.47
1541	31.81
1542	34.9
1543	31.75
1544	31.9
1545	35.47
1546	33.03
1547	32.1
1548	32.14
1549	37.37
1550	31.96
1551	36.14
1552	32.0
1553	35.45
1554	34.92
1555	35.56
1556	31.82
1557	32.13
1558	32.42
1559	33.69
1560	32.6
1561	34.13
1562	35.12
1563	32.92
1564	34.62
1565	33.28
1566	31.81
1567	32.94
1568	31.92
1569	32.56
1570	31.62
1571	31.78
1572	39.23
1573	31.72
1574	32.21
1575	34.02
1576	32.1
1577	34.38
1578	44.43
1579	31.8
1580	37.51
1581	34.55
1582	34.27
1583	34.63
1584	40.31
1585	34.57
1586	41.73
1587	37.29
1588	32.34
1589	35.54
1590	32.55
1591	31.5
1592	33.42
1593	32.72
1594	37.01
1595	34.0
1596	41.74
1597	40.47
1598	38.03
1599	37.89
1600	31.52
1601	33.02
1602	32.59
1603	32.92
1604	31.94
1605	34.3
1606	35.87
1607	31.68
1608	32.32
1609	31.25
1610	31.74
1611	33.22
1612	36.58
1613	31.43
1614	31.95
1615	33.48
1616	32.14
1617	33.06
1618	33.43
1619	39.25
1620	32.66
1621	31.52
1622	33.85
1623	43.18
1624	35.26
1625	34.28
1626	31.69
1627	37.22
1628	32.27
1629	33.48
1630	35.49
1631	36.11
1632	31.11
1633	31.07
1634	31.21
1635	32.45
1636	31.84
1637	32.36
1638	34.21
1639	39.23
1640	36.17
1641	33.13
1642	31.68
1643	32.14
1644	35.27
1645	34.71
1646	34.13
1647	33.66
1648	33.67
1649	31.98
1650	34.58
1651	33.82
1652	34.17
1653	33.45
1654	33.6
1655	33.29
1656	39.97
1657	34.04
1658	34.34
1659	33.86
1660	34.38
1661	42.93
1662	35.43
1663	35.92
1664	33.28
1665	31.99
1666	31.65
1667	31.65
1668	37.75
1669	31.92
1670	37.34
1671	37.23
1672	31.63
1673	34.54
1674	32.1
1675	34.7
1676	33.55
1677	44.46
1678	46.06
1679	34.57
1680	37.08
1681	34.93
1682	32.41
1683	31.28
1684	34.71
1685	31.69
1686	33.45
1687	35.88
1688	32.7
1689	31.94
1690	35.18
1691	36.67
1692	32.38
1693	31.44
1694	33.09
1695	32.37
1696	33.32
1697	35.73
1698	35.44
1699	37.91
1700	33.03
1701	34.14
1702	33.39
1703	32.18
1704	32.69
1705	31.27
1706	32.59
1707	32.38
1708	31.98
1709	34.77
1710	32.95
1711	33.42
1712	31.76
1713	36.56
1714	34.47
1715	34.59
1716	41.89
1717	33.14
1718	34.23
1719	34.51
1720	43.87
1721	35.04
1722	35.43
1723	33.7
1724	35.55
1725	34.06
1726	31.82
1727	32.89
1728	33.86
1729	32.81
1730	33.41
1731	39.74
1732	40.01
1733	33.63
1734	35.19
1735	32.52
1736	37.18
1737	35.9
1738	35.18
1739	33.87
1740	36.06
1741	32.1
1742	33.17
1743	35.47
1744	31.89
1745	31.75
1746	36.41
1747	33.65
1748	32.7
1749	32.96
1750	35.0
1751	32.82
1752	32.89
1753	35.41
1754	35.47
1755	31.44
1756	32.57
1757	40.35
1758	32.8
1759	33.47
1760	36.4
1761	36.5
1762	33.0
1763	32.55
1764	32.67
1765	32.67
1766	39.02
1767	35.99
1768	33.94
1769	31.88
1770	32.34
1771	36.14
1772	34.57
1773	32.36
1774	34.39
1775	35.86
1776	32.73
1777	31.76
1778	33.04
1779	38.05
1780	36.21
1781	32.48
1782	32.73
1783	34.5
1784	36.63
1785	33.6
1786	33.04
1787	32.33
1788	45.96
1789	36.07
1790	36.08
1791	34.2
1792	31.78
1793	33.09
1794	31.3
1795	32.32
1796	37.42
1797	37.22
1798	35.1
1799	33.16
1800	31.17
1801	31.22
1802	32.03
1803	33.01
1804	33.85
1805	34.1
1806	31.09
1807	31.96
1808	34.81
1809	35.5
1810	32.64
1811	34.32
1812	32.24
1813	35.81
1814	34.29
1815	31.9
1816	40.93
1817	31.35
1818	35.74
1819	31.92
1820	33.87
1821	32.93
1822	33.78
1823	32.27
1824	35.35
1825	31.13
1826	31.7
1827	31.91
1828	31.78
1829	31.71
1830	31.27
1831	33.53
1832	32.27
1833	34.81
1834	32.09
1835	36.18
1836	42.9
1837	35.43
1838	32.21
1839	31.78
1840	32.89
1841	38.11
1842	35.5
1843	31.89
1844	39.57
1845	35.66
1846	35.01
1847	31.47
1848	31.56
1849	38.25
1850	33.35
1851	34.76
1852	32.09
1853	32.89
1854	35.06
1855	33.58
1856	39.13
1857	35.46
1858	35.1
1859	31.92
1860	40.67
1861	36.57
1862	35.29
1863	32.35
1864	40.18
1865	34.2
1866	31.63
1867	34.64
1868	35.1
1869	33.24
1870	35.24
1871	32.51
1872	33.89
1873	33.31
1874	32.79
1875	32.48
1876	31.92
1877	31.54
1878	32.27
1879	33.34
1880	31.74
1881	35.59
1882	32.57
1883	36.6
1884	32.76
1885	33.22
1886	33.62
1887	39.08
1888	32.96
1889	32.21
1890	32.0
1891	37.71
1892	33.11
1893	31.86
1894	32.57
1895	32.65
1896	33.26
1897	33.21
1898	32.14
1899	33.28
1900	32.51
1901	32.92
1902	40.59
1903	32.3
1904	36.1
1905	36.92
1906	34.13
1907	32.93
1908	32.07
1909	36.06
1910	31.6
1911	31.4
1912	34.16
1913	39.87
1914	33.64
1915	31.75
1916	33.95
1917	31.95
1918	33.77
1919	34.63
1920	32.81
1921	32.28
1922	31.74
1923	32.42
1924	34.58
1925	34.61
1926	31.13
1927	31.26
1928	44.74
1929	31.88
1930	31.69
1931	32.78
1932	36.01
1933	31.53
1934	31.48
1935	32.24
1936	34.52
1937	32.68
1938	33.5
1939	35.25
1940	34.2
1941	35.84
1942	32.89
1943	41.26
1944	33.85
1945	35.11
1946	39.09
1947	33.19
1948	33.53
1949	31.15
1950	32.37
1951	33.86
1952	34.48
1953	34.04
1954	32.77
1955	38.67
1956	31.78
1957	32.96
1958	31.25
1959	33.81
1960	35.14
1961	39.94
1962	32.5
1963	33.13
1964	37.29
1965	33.5
1966	31.56
1967	34.71
1968	31.29
1969	31.89
1970	31.13
1971	34.03
1972	38.03
1973	31.22
1974	33.76
1975	37.7
1976	31.14
1977	38.72
1978	32.53
1979	35.78
1980	39.03
1981	32.52
1982	33.44
1983	37.94
1984	32.15
1985	32.73
1986	31.99
1987	39.84
1988	31.64
1989	31.43
1990	33.39
1991	33.44
1992	37.47
1993	36.07
1994	38.25
1995	31.16
1996	31.52
1997	33.14
1998	31.43
1999	33.33
2000	33.41
2001	31.47
2002	39.16
2003	32.64
2004	33.0
2005	33.54
2006	38.52
2007	31.51
2008	32.93
2009	31.19
2010	33.63
2011	31.16
2012	35.71
2013	36.26
2014	31.71
2015	33.59
2016	34.22
2017	33.44
2018	32.03
2019	31.87
2020	38.85
2021	32.24
2022	33.58
2023	34.82
2024	33.05
2025	32.48
2026	35.79
2027	34.34
2028	33.05
2029	32.63
2030	36.69
2031	31.32
2032	35.43
2033	31.76
2034	33.04
2035	36.38
2036	36.43
2037	32.18
2038	36.15
2039	32.43
2040	32.32
2041	32.36
2042	41.07
2043	33.47
2044	32.08
2045	32.14
2046	33.34
2047	33.67
2048	32.43
2049	35.41
2050	31.28
2051	35.12
2052	33.19
2053	36.33
2054	33.02
2055	42.31
2056	32.56
2057	38.7
2058	32.25
2059	32.24
2060	32.35
2061	31.81
2062	34.31
2063	33.24
2064	36.65
2065	31.46
2066	37.25
2067	31.61
2068	31.18
2069	33.62
2070	31.29
2071	32.25
2072	36.06
2073	31.32
2074	37.47
2075	32.91
2076	33.79
2077	34.64
2078	32.24
2079	32.4
2080	31.66
2081	35.38
2082	32.73
2083	32.04
2084	32.7
2085	33.68
2086	32.65
2087	39.34
2088	35.28
2089	31.34
2090	32.83
2091	32.23
2092	32.63
2093	33.19
2094	45.07
2095	33.77
2096	34.1
2097	35.82
2098	33.16
2099	33.12
2100	31.73
2101	35.05
2102	34.09
2103	31.25
2104	35.73
2105	36.95
2106	32.27
2107	35.2
2108	36.9
2109	31.29
2110	34.75
2111	31.43
2112	38.58
2113	41.16
2114	31.74
2115	32.55
2116	32.96
2117	33.09
2118	36.89
2119	32.09
2120	35.79
2121	33.2
2122	32.62
2123	32.36
2124	35.29
2125	31.69
2126	31.65
2127	31.58
2128	32.89
2129	32.0
2130	31.5
2131	34.76
2132	39.15
2133	34.14
2134	41.9
2135	43.36
2136	36.4
2137	36.34
2138	36.17
2139	33.99
2140	32.55
2141	31.71
2142	34.75
2143	37.86
2144	31.35
2145	33.6
2146	38.24
2147	34.15
2148	33.98
2149	32.58
2150	31.17
2151	33.62
2152	33.09
2153	32.79
2154	33.4
2155	33.0
2156	40.94
2157	39.1
2158	34.4
2159	31.21
2160	32.42
2161	31.84
2162	32.77
2163	33.92
2164	31.7
2165	38.95
2166	34.16
2167	37.47
2168	32.3
2169	35.19
2170	31.58
2171	34.33
2172	32.47
2173	33.2
2174	32.47
2175	35.58
2176	33.04
2177	35.21
2178	37.08
2179	40.55
2180	32.48
2181	34.83
2182	31.76
2183	33.35
2184	32.41
2185	31.29
2186	39.49
2187	35.0
2188	33.68
2189	31.64
2190	34.77
2191	32.27
2192	34.7
2193	31.91
2194	33.24
2195	34.45
2196	31.54
2197	33.98
2198	33.68
2199	32.98
2200	32.84
2201	32.72
2202	32.44
2203	32.54
2204	32.87
2205	31.68
2206	32.76
2207	31.46
2208	32.61
2209	40.62
2210	33.8
2211	31.1
2212	34.53
2213	31.73
2214	33.49
2215	33.55
2216	40.99
2217	37.95
2218	32.13
2219	35.39
2220	34.18
2221	31.85
2222	32.57
2223	35.1
2224	35.21
2225	31.24
2226	31.49
2227	32.81
2228	33.2
2229	31.31
2230	37.85
2231	31.64
2232	38.28
2233	34.31
2234	36.33
2235	41.87
2236	32.71
2237	31.27
2238	36.22
2239	32.21
2240	31.56
2241	33.03
2242	34.31
2243	35.27
2244	34.36
2245	31.32
2246	35.26
2247	32.7
2248	33.67
2249	31.3
2250	33.72
2251	33.83
2252	32.15
2253	33.95
2254	34.38
2255	31.97
2256	32.12
2257	38.5
2258	33.53
2259	33.29
2260	31.96
2261	42.4
2262	32.61
2263	38.05
2264	31.59
2265	31.88
2266	38.7
2267	33.29
2268	32.37
2269	33.53
2270	33.89
2271	34.6
2272	33.91
2273	33.94
2274	32.75
2275	31.91
2276	35.23
2277	32.93
2278	32.07
2279	35.78
2280	37.49
2281	33.62
2282	38.6
2283	33.35
2284	39.41
2285	33.04
2286	40.19
2287	32.15
2288	37.16
2289	32.87
2290	32.53
2291	33.34
2292	32.47
2293	35.05
2294	34.19
2295	39.08
2296	32.35
2297	33.86
2298	31.3
2299	36.63
2300	34.88
2301	33.68
2302	36.36
2303	33.94
2304	35.39
2305	32.47
2306	31.16
2307	46.75
2308	33.35
2309	31.82
2310	33.36
2311	36.15
2312	32.84
2313	32.31
2314	35.2
2315	37.04
2316	36.95
2317	32.92
2318	32.62
2319	31.49
2320	34.42
2321	31.65
2322	34.35
2323	32.23
2324	35.95
2325	32.71
2326	42.82
2327	32.65
2328	32.08
2329	31.95
2330	31.96
2331	36.44
2332	32.02
2333	33.01
2334	33.33
2335	31.95
2336	39.46
2337	34.08
2338	32.15
2339	32.99
2340	42.02
2341	34.07
2342	33.86
2343	33.85
2344	31.66
2345	35.54
2346	32.23
2347	34.32
2348	33.93
2349	34.84
2350	32.75
2351	34.02
2352	32.39
2353	36.4
2354	31.99
2355	31.99
2356	32.93
2357	32.2
2358	31.75
2359	34.55
2360	31.88
2361	37.64
2362	48.94
2363	35.92
2364	33.21
2365	32.85
2366	35.34
2367	37.02
2368	32.87
2369	39.46
2370	31.38
2371	32.22
2372	34.08
2373	31.49
2374	31.69
2375	31.28
2376	34.55
2377	32.98
2378	33.98
2379	31.61
2380	33.68
2381	31.66
2382	31.55
2383	32.16
2384	33.99
2385	36.29
2386	32.6
2387	38.31
2388	32.81
2389	50.41
2390	34.09
2391	33.6
2392	33.92
2393	36.97
2394	37.41
2395	31.65
2396	32.35
2397	32.25
2398	31.4
2399	33.49
2400	35.24
2401	40.46
2402	37.79
2403	32.03
2404	32.29
2405	33.52
2406	34.26
2407	32.82
2408	33.34
2409	35.8
2410	37.37
2411	39.41
2412	34.53
2413	33.99
2414	33.08
2415	31.85
2416	37.21
2417	33.06
2418	32.62
2419	34.5
2420	37.06
2421	33.34
2422	31.07
2423	32.76
2424	33.25
2425	31.86
2426	36.35
2427	33.57
2428	36.48
2429	31.49
2430	36.16
2431	40.1
2432	34.0
2433	31.46
2434	31.79
2435	31.65
2436	32.14
2437	31.63
2438	31.83
2439	36.52
2440	31.25
2441	38.33
2442	32.54
2443	33.1
2444	38.66
2445	40.36
2446	32.09
2447	36.52
2448	32.35
2449	32.91
2450	32.72
2451	37.65
2452	31.28
2453	36.78
2454	33.26
2455	37.34
2456	32.48
2457	32.63
2458	34.8
2459	32.54
2460	31.05
2461	32.83
2462	32.39
2463	37.88
2464	34.19
2465	31.5
2466	33.75
2467	31.38
2468	31.98
2469	38.05
2470	34.75
2471	31.31
2472	39.9
2473	31.36
2474	31.81
2475	32.56
2476	38.45
2477	32.77
2478	35.65
2479	35.63
2480	34.05
2481	33.71
2482	34.41
2483	33.74
2484	32.44
2485	31.71
2486	34.49
2487	36.37
2488	32.74
2489	32.62
2490	33.4
2491	43.91
2492	32.38
2493	32.04
2494	35.76
2495	34.3
2496	36.71
2497	33.22
2498	32.9
2499	34.54
2500	31.16
2501	33.32
2502	38.15
2503	33.43
2504	32.19
2505	31.78
2506	32.79
2507	31.96
2508	33.82
2509	34.44
2510	32.95
2511	34.38
2512	39.51
2513	32.99
2514	34.5
2515	32.54
2516	32.98
2517	33.78
2518	31.81
2519	32.33
2520	35.94
2521	35.45
2522	36.74
2523	33.19
2524	33.04
2525	36.18
2526	44.12
2527	37.76
2528	31.6
2529	36.86
2530	31.56
2531	35.77
2532	31.78
2533	38.41
2534	38.86
2535	35.36
2536	34.83
2537	31.89
2538	32.65
2539	33.5
2540	33.3
2541	33.2
2542	34.98
2543	31.67
2544	35.34
2545	36.37
2546	34.63
2547	34.75
2548	31.34
2549	33.33
2550	32.5
2551	31.92
2552	32.13
2553	33.81
2554	35.09
2555	31.44
2556	41.26
2557	32.11
2558	32.12
2559	32.55
2560	34.37
2561	35.74
2562	39.43
2563	35.72
2564	33.2
2565	34.3
2566	33.37
2567	37.45
2568	32.81
2569	34.61
2570	35.87
2571	38.23
2572	39.15
2573	33.18
2574	31.9
2575	33.75
2576	36.05
2577	35.62
2578	31.64
2579	37.51
2580	32.28
2581	33.55
2582	32.5
2583	42.65
2584	35.23
2585	32.26
2586	36.03
2587	33.0
2588	33.38
2589	34.62
2590	36.65
2591	31.67
2592	36.26
2593	32.29
2594	34.47
2595	32.94
2596	32.4
2597	36.39
2598	34.39
2599	41.44
2600	33.92
2601	32.9
2602	33.3
2603	33.26
2604	35.49
2605	31.82
2606	35.34
2607	36.82
2608	31.27
2609	32.62
2610	38.2
2611	33.15
2612	31.31
2613	32.39
2614	31.85
2615	31.93
2616	33.1
2617	32.78
2618	32.19
2619	32.39
2620	33.44
2621	33.68
2622	32.03
2623	32.15
2624	32.76
2625	39.24
2626	37.22
2627	36.92
2628	33.6
2629	37.05
2630	33.76
2631	32.29
2632	35.36
2633	35.31
2634	37.6
2635	33.75
2636	33.25
2637	32.27
2638	34.79
2639	34.95
2640	32.38
2641	31.26
2642	33.0
2643	42.17
2644	34.17
2645	32.06
2646	32.44
2647	38.98
2648	33.83
2649	34.69
2650	37.77
2651	35.9
2652	34.02
2653	32.78
2654	32.72
2655	33.1
2656	34.61
2657	38.08
2658	34.23
2659	31.25
2660	32.37
2661	31.74
2662	34.63
2663	35.41
2664	32.87
2665	32.42
2666	34.97
2667	32.97
2668	31.15
2669	34.73
2670	40.42
2671	32.57
2672	36.34
2673	31.35
2674	33.09
2675	31.22
2676	37.58
2677	33.29
2678	32.07
2679	31.92
2680	31.64
2681	31.19
2682	31.28
2683	31.95
2684	31.99
2685	31.57
2686	33.91
2687	34.26
2688	33.3
2689	39.41
2690	31.97
2691	32.88
2692	32.72
2693	31.92
2694	32.64
2695	36.22
2696	39.98
2697	31.58
2698	32.78
2699	34.46
2700	31.39
2701	40.41
2702	34.66
2703	34.87
2704	31.33
2705	32.68
2706	32.55
2707	32.17
2708	33.13
2709	34.03
2710	33.03
2711	33.15
2712	32.78
2713	36.88
2714	35.16
2715	31.17
2716	34.68
2717	35.27
2718	34.31
2719	32.7
2720	33.77
2721	34.46
2722	31.65
2723	33.4
2724	31.61
2725	32.85
2726	33.62
2727	36.45
2728	36.21
2729	31.62
2730	34.39
2731	33.85
2732	32.89
2733	33.8
2734	35.0
2735	35.23
2736	33.5
2737	35.19
2738	36.71
2739	42.97
2740	37.13
2741	32.84
2742	35.02
2743	35.67
2744	36.34
2745	36.83
2746	32.69
2747	35.8
2748	34.73
2749	36.51
2750	39.54
2751	33.58
2752	35.88
2753	32.71
2754	34.41
2755	32.0
2756	35.58
2757	38.48
2758	36.37
2759	32.86
2760	33.34
2761	31.35
2762	32.37
2763	33.03
2764	34.43
2765	40.03
2766	35.11
2767	38.6
2768	33.78
2769	32.95
2770	35.75
2771	41.45
2772	35.83
2773	33.46
2774	33.14
2775	31.48
2776	34.58
2777	34.89
2778	32.14
2779	33.27
2780	34.67
2781	33.71
2782	32.01
2783	35.3
2784	31.77
2785	33.77
2786	32.34
2787	34.13
2788	32.16
2789	32.62
2790	36.84
2791	32.56
2792	31.21
2793	31.98
2794	35.92
2795	33.27
2796	38.31
2797	31.13
2798	32.96
2799	32.66
2800	34.48
2801	34.88
2802	35.54
2803	32.0
2804	32.65
2805	31.82
2806	31.03
2807	33.46
2808	35.33
2809	35.11
2810	38.14
2811	32.59
2812	38.73
2813	32.16
2814	36.4
2815	34.56
2816	32.68
2817	33.22
2818	31.34
2819	31.86
2820	31.84
2821	32.2
2822	31.6
2823	31.46
2824	32.47
2825	33.79
2826	34.59
2827	32.25
2828	42.15
2829	33.24
2830	31.29
2831	32.72
2832	31.43
2833	35.3
2834	43.86
2835	31.84
2836	33.04
2837	32.77
2838	35.88
2839	32.65
2840	35.78
2841	32.27
2842	32.04
2843	33.3
2844	31.39
2845	33.61
2846	34.07
2847	37.3
2848	33.38
2849	31.27
2850	41.63
2851	33.04
2852	36.96
2853	35.88
2854	35.21
2855	39.74
2856	31.25
2857	37.37
2858	32.32
2859	33.29
2860	36.48
2861	33.53
2862	34.16
2863	36.83
2864	34.22
2865	32.72
2866	32.97
2867	32.25
2868	32.04
2869	31.28
2870	32.48
2871	37.98
2872	32.41
2873	35.14
2874	31.73
2875	40.68
2876	34.33
2877	31.39
2878	31.38
2879	32.07
2880	33.13
2881	39.96
2882	33.73
2883	32.76
2884	31.45
2885	34.51
2886	31.27
2887	33.01
2888	36.88
2889	35.45
2890	31.64
2891	31.61
2892	40.71
2893	32.92
2894	32.82
2895	31.09
2896	32.72
2897	35.54
2898	31.37
2899	33.25
2900	32.42
2901	34.71
2902	34.96
2903	37.23
2904	31.95
2905	32.51
2906	36.88
2907	31.69
2908	38.29
2909	31.67
2910	32.86
2911	31.36
2912	31.18
2913	32.73
2914	32.05
2915	33.15
2916	36.6
2917	32.33
2918	35.04
2919	35.14
2920	35.78
2921	36.12
2922	35.65
2923	32.35
2924	32.39
2925	31.06
2926	36.46
2927	32.95
2928	38.46
2929	35.0
2930	33.13
2931	35.17
2932	32.55
2933	33.02
2934	31.33
2935	32.18
2936	31.43
2937	34.04
2938	35.33
2939	32.88
2940	36.08
2941	33.66
2942	32.37
2943	40.51
2944	32.06
2945	35.9
2946	32.77
2947	35.05
2948	31.84
2949	33.3
2950	32.26
2951	33.71
2952	34.75
2953	31.32
2954	37.72
2955	35.04
2956	31.7
2957	36.81
2958	34.16
2959	32.11
2960	38.79
2961	36.0
2962	35.01
2963	33.2
2964	41.53
2965	36.15
2966	32.35
2967	33.55
2968	37.58
2969	32.99
2970	33.9
2971	35.23
2972	35.84
2973	31.2
2974	36.88
2975	34.71
2976	38.69
2977	32.73
2978	33.35
2979	39.34
2980	31.11
2981	32.47
2982	32.07
2983	32.43
2984	35.2
2985	32.36
2986	34.51
2987	32.19
2988	32.0
2989	34.68
2990	39.95
2991	32.08
2992	32.02
2993	34.84
2994	32.43
2995	33.34
2996	34.35
2997	32.68
2998	35.75
2999	32.22
3000	32.49
1001	0.2737
1002	0.1939
1003	0.3304
1004	0.1949
1005	0.1701
1006	0.2267
1007	0.1761
1008	0.2925
1009	0.1746
1010	0.1532
1011	0.2293
1012	0.2859
1013	0.1549
1014	0.2075
1015	0.1527
1016	0.1799
1017	0.1348
1018	0.1976
1019	0.2046
1020	0.1475
1021	0.114
1022	0.3567
1023	0.2554
1024	0.1858
1025	0.3758
1026	0.5017
1027	0.3342
1028	0.3763
1029	0.2013
1030	0.2117
1031	0.1735
1032	0.1347
1033	0.2328
1034	0.1642
1035	0.2672
1036	0.2803
1037	0.2586
1038	0.124
1039	0.2624
1040	0.1561
1041	0.3846
1042	0.1304
1043	0.3366
1044	0.1555
1045	0.1317
1046	0.2489
1047	0.2132
1048	0.3074
1049	0.1761
1050	0.1899
1051	0.1258
1052	0.2343
1053	0.185
1054	0.2211
1055	0.2247
1056	0.2194
1057	0.2164
1058	0.25
1059	0.1925
1060	0.2611
1061	0.4956
1062	0.2565
1063	0.1838
1064	0.157
1065	0.2689
1066	0.2833
1067	0.1532
1068	0.3154
1069	0.2471
1070	0.2447
1071	0.2004
1072	0.1992
1073	0.3234
1074	0.1459
1075	0.1742
1076	0.1434
1077	0.2329
1078	0.124
1079	0.2851
1080	0.1412
1081	0.2625
1082	0.2584
1083	0.2052
1084	0.1643
1085	0.1508
1086	0.1392
1087	0.2186
1088	0.1931
1089	0.2162
1090	0.1657
1091	0.2143
1092	0.266
1093	0.194
1094	0.21
1095	0.1711
1096	0.2618
1097	0.2109
1098	0.331
1099	0.2265
1100	0.3286
1101	0.1706
1102	0.2458
1103	0.2368
1104	0.2378
1105	0.1642
1106	0.2056
1107	0.1922
1108	0.2369
1109	0.1461
1110	0.1655
1111	0.1601
1112	0.2473
1113	0.2281
1114	0.2163
1115	0.1387
1116	0.1588
1117	0.1821
1118	0.1473
1119	0.2475
1120	0.1558
1121	0.2492
1122	0.195
1123	0.1912
1124	0.1821
1125	0.3037
1126	0.1739
1127	0.1608
1128	0.1508
1129	0.1756
1130	0.193
1131	0.1239
1132	0.1392
1133	0.1641
1134	0.1704
1135	0.2493
1136	0.2553
1137	0.2605
1138	0.1598
1139	0.1826
1140	0.1833
1141	0.1481
1142	0.152
1143	0.1834
1144	0.2514
1145	0.2105
1146	0.1565
1147	0.1663
1148	0.1272
1149	0.2561
1150	0.3094
1151	0.1879
1152	0.2034
1153	0.3078
1154	0.3301
1155	0.1923
1156	0.5625
1157	0.1836
1158	0.3097
1159	0.1723
1160	0.1327
1161	0.1132
1162	0.2374
1163	0.1777
1164	0.1276
1165	0.1906
1166	0.1661
1167	0.2054
1168	0.1752
1169	0.1839
1170	0.2625
1171	0.1418
1172	0.3495
1173	0.3157
1174	0.2488
1175	0.2057
1176	0.2458
1177	0.1119
1178	0.2063
1179	0.1871
1180	0.2192
1181	0.2162
1182	0.1438
1183	0.2875
1184	0.2373
1185	0.2563
1186	0.1899
1187	0.1477
1188	0.3065
1189	0.1945
1190	0.1842
1191	0.1273
1192	0.1526
1193	0.347
1194	0.2163
1195	0.2712
1196	0.1758
1197	0.274
1198	0.2342
1199	0.2405
1200	0.1756
1201	0.2028
1202	0.1587
1203	0.1197
1204	0.1926
1205	0.261
1206	0.1897
1207	0.2135
1208	0.2585
1209	0.2044
1210	0.131
1211	0.1899
1212	0.1898
1213	0.1776
1214	0.175
1215	0.1544
1216	0.185
1217	0.2214
1218	0.1707
1219	0.1342
1220	0.1313
1221	0.1685
1222	0.2311
1223	0.2307
1224	0.199
1225	0.2647
1226	0.2315
1227	0.3414
1228	0.2086
1229	0.17
1230	0.2119
1231	0.2138
1232	0.1572
1233	0.3443
1234	0.1559
1235	0.1856
1236	0.1616
1237	0.1437
1238	0.3447
1239	0.1702
1240	0.1592
1241	0.2224
1242	0.251
1243	0.2377
1244	0.2144
1245	0.2034
1246	0.1669
1247	0.2603
1248	0.1502
1249	0.2822
1250	0.1786
1251	0.2754
1252	0.2374
1253	0.3213
1254	0.2189
1255	0.2569
1256	0.2471
1257	0.2128
1258	0.1624
1259	0.255
1260	0.2347
1261	0.271
1262	0.2626
1263	0.1992
1264	0.2288
1265	0.3259
1266	0.1616
1267	0.225
1268	0.263
1269	0.2489
1270	0.202
1271	0.2191
1272	0.1799
1273	0.1501
1274	0.1943
1275	0.2289
1276	0.1233
1277	0.136
1278	0.2971
1279	0.1319
1280	0.2204
1281	0.1661
1282	0.2201
1283	0.3131
1284	0.2109
1285	0.2039
1286	0.4589
1287	0.1668
1288	0.2247
1289	0.2445
1290	0.2167
1291	0.209
1292	0.2438
1293	0.2141
1294	0.2005
1295	0.1755
1296	0.1871
1297	0.21
1298	0.2208
1299	0.2269
1300	0.2308
1301	0.2542
1302	0.2416
1303	0.1677
1304	0.4783
1305	0.1618
1306	0.242
1307	0.1466
1308	0.2369
1309	0.1885
1310	0.1683
1311	0.1991
1312	0.2485
1313	0.3379
1314	0.2488
1315	0.1291
1316	0.2415
1317	0.2066
1318	0.2074
1319	0.193
1320	0.2634
1321	0.1804
1322	0.09858
1323	0.1561
1324	0.2836
1325	0.2453
1326	0.1477
1327	0.3211
1328	0.2091
1329	0.1686
1330	0.213
1331	0.2903
1332	0.1339
1333	0.1537
1334	0.1686
1335	0.2747
1336	0.1873
1337	0.3067
1338	0.1665
1339	0.1745
1340	0.1848
1341	0.3373
1342	0.2142
1343	0.1611
1344	0.2093
1345	0.1955
1346	0.2647
1347	0.3317
1348	0.2217
1349	0.1341
1350	0.2004
1351	0.3292
1352	0.2647
1353	0.2422
1354	0.2834
1355	0.1399
1356	0.1142
1357	0.3013
1358	0.1884
1359	0.1981
1360	0.1474
1361	0.3321
1362	0.2322
1363	0.2397
1364	0.2002
1365	0.1771
1366	0.3121
1367	0.2305
1368	0.1797
1369	0.2293
1370	0.1557
1371	0.2724
1372	0.3202
1373	0.1918
1374	0.1824
1375	0.4373
1376	0.385
1377	0.1651
1378	0.1746
1379	0.4027
1380	0.2212
1381	0.2344
1382	0.1592
1383	0.1908
1384	0.2429
1385	0.1223
1386	0.1716
1387	0.125
1388	0.2276
1389	0.1807
1390	0.3481
1391	0.1186
1392	0.3
1393	0.1565
1394	0.1884
1395	0.2817
1396	0.0957
1397	0.1454
1398	0.1728
1399	0.2355
1400	0.1942
1401	0.136
1402	0.4055
1403	0.2999
1404	0.2604
1405	0.2083
1406	0.1319
1407	0.1931
1408	0.2606
1409	0.25
1410	0.1847
1411	0.2172
1412	0.1647
1413	0.1912
1414	0.1675
1415	0.1717
1416	0.1944
1417	0.1958
1418	0.2435
1419	0.221
1420	0.2415
1421	0.3017
1422	0.1788
1423	0.1728
1424	0.2791
1425	0.1386
1426	0.1343
1427	0.1913
1428	0.1517
1429	0.2471
1430	0.2753
1431	0.2305
1432	0.3623
1433	0.1694
1434	0.1995
1435	0.2491
1436	0.1747
1437	0.2069
1438	0.5701
1439	0.2091
1440	0.2344
1441	0.165
1442	0.3489
1443	0.2673
1444	0.1205
1445	0.1186
1446	0.2199
1447	0.1421
1448	0.3133
1449	0.2064
1450	0.4846
1451	0.157
1452	0.1214
1453	0.1666
1454	0.1516
1455	0.4326
1456	0.1578
1457	0.2718
1458	0.2399
1459	0.3527
1460	0.2033
1461	0.1979
1462	0.2687
1463	0.1998
1464	0.1902
1465	0.188
1466	0.3445
1467	0.2738
1468	0.1582
1469	0.2458
1470	0.2162
1471	0.3079
1472	0.3677
1473	0.1742
1474	0.305
1475	0.1765
1476	0.3293
1477	0.1775
1478	0.124
1479	0.1857
1480	0.1897
1481	0.3038
1482	0.1527
1483	0.1308
1484	0.4844
1485	0.1268
1486	0.2461
1487	0.1852
1488	0.165
1489	0.1236
1490	0.1262
1491	0.1068
1492	0.2844
1493	0.1574
1494	0.1951
1495	0.2429
1496	0.2086
1497	0.2903
1498	0.2639
1499	0.2111
1500	0.1685
1501	0.2655
1502	0.1149
1503	0.4136
1504	0.1957
1505	0.1828
1506	0.1594
1507	0.3405
1508	0.201
1509	0.2587
1510	0.2215
1511	0.3066
1512	0.2365
1513	0.221
1514	0.1954
1515	0.2049
1516	0.1943
1517	0.2091
1518	0.2172
1519	0.3702
1520	0.2001
1521	0.2115
1522	0.2112
1523	0.1821
1524	0.1589
1525	0.2677
1526	0.2448
1527	0.2082
1528	0.2079
1529	0.2108
1530	0.2089
1531	0.1253
1532	0.2728
1533	0.2368
1534	0.2754
1535	0.1485
1536	0.2021
1537	0.2982
1538	0.5524
1539	0.1507
1540	0.2036
1541	0.1547
1542	0.208
1543	0.2183
1544	0.1773
1545	0.2358
1546	0.2531
1547	0.2279
1548	0.2177
1549	0.2316
1550	0.1981
1551	0.2623
1552	0.2148
1553	0.1427
1554	0.286
1555	0.2175
1556	0.2238
1557	0.1499
1558	0.1791
1559	0.2106
1560	0.2358
1561	0.2961
1562	0.1783
1563	0.1794
1564	0.2117
1565	0.2243
1566	0.1887
1567	0.25
1568	0.1886
1569	0.2452
1570	0.1591
1571	0.2014
1572	0.2972
1573	0.2221
1574	0.1628
1575	0.2119
1576	0.2142
1577	0.1426
1578	0.5563
1579	0.1887
1580	0.3
1581	0.3164
1582	0.1761
1583	0.2732
1584	0.1622
1585	0.3066
1586	0.4786
1587	0.2468
1588	0.2545
1589	0.1433
1590	0.1972
1591	0.1835
1592	0.1321
1593	0.2186
1594	0.1913
1595	0.256
1596	0.1965
1597	0.2221
1598	0.2541
1599	0.3462
1600	0.1793
1601	0.2408
1602	0.1741
1603	0.2322
1604	0.2028
1605	0.1582
1606	0.1919
1607	0.1953
1608	0.2148
1609	0.2037
1610	0.2064
1611	0.2011
1612	0.1075
1613	0.1978
1614	0.2008
1615	0.2063
1616	0.2496
1617	0.1651
1618	0.171
1619	0.3511
1620	0.1435
1621	0.1557
1622	0.1695
1623	0.113
1624	0.2696
1625	0.2548
1626	0.2272
1627	0.3276
1628	0.1943
1629	0.2317
1630	0.2675
1631	0.1388
1632	0.185
1633	0.1774
1634	0.2023
1635	0.1598
1636	0.2262
1637	0.2034
1638	0.2829
1639	0.2522
1640	0.2603
1641	0.2388
1642	0.2207
1643	0.1756
1644	0.1295
1645	0.3157
1646	0.269
1647	0.1587
1648	0.204
1649	0.2262
1650	0.1832
1651	0.2334
1652	0.307
1653	0.128
1654	0.162
1655	0.267
1656	0.2134
1657	0.2894
1658	0.1384
1659	0.2247
1660	0.2403
1661	0.322
1662	0.1109
1663	0.1846
1664	0.2843
1665	0.1835
1666	0.1578
1667	0.1558
1668	0.4019
1669	0.1687
1670	0.2887
1671	0.3505
1672	0.1709
1673	0.138
1674	0.1527
1675	0.1963
1676	0.2329
1677	0.4299
1678	0.412
1679	0.1442
1680	0.142
1681	0.1538
1682	0.2466
1683	0.1877
1684	0.2636
1685	0.1533
1686	0.1345
1687	0.1475
1688	0.2113
1689	0.1717
1690	0.1218
1691	0.3685
1692	0.2332
1693	0.2159
1694	0.1667
1695	0.2504
1696	0.1284
1697	0.1163
1698	0.237
1699	0.09944
1700	0.199
1701	0.1317
1702	0.2422
1703	0.1843
1704	0.1967
1705	0.2085
1706	0.2433
1707	0.1688
1708	0.1639
1709	0.264
1710	0.2454
1711	0.2561
1712	0.1491
1713	0.2336
1714	0.2534
1715	0.1479
1716	0.1942
1717	0.159
1718	0.3123
1719	0.2348
1720	0.08703
1721	0.2423
1722	0.2033
1723	0.2818
1724	0.3249
1725	0.214
1726	0.2323
1727	0.2405
1728	0.2426
1729	0.2712
1730	0.2439
1731	0.455
1732	0.3072
1733	0.1519
1734	0.183
1735	0.249
1736	0.295
1737	0.2679
1738	0.1313
1739	0.2287
1740	0.2916
1741	0.1496
1742	0.1914
1743	0.3032
1744	0.226
1745	0.2066
1746	0.2189
1747	0.2941
1748	0.1501
1749	0.2505
1750	0.1587
1751	0.1814
1752	0.2258
1753	0.2552
1754	0.1795
1755	0.1934
1756	0.1866
1757	0.4232
1758	0.2387
1759	0.1383
1760	0.2333
1761	0.2598
1762	0.2419
1763	0.2462
1764	0.159
1765	0.2262
1766	0.3429
1767	0.1532
1768	0.2535
1769	0.2247
1770	0.1973
1771	0.2795
1772	0.2342
1773	0.2559
1774	0.2911
1775	0.2093
1776	0.2011
1777	0.1761
1778	0.2523
1779	0.1416
1780	0.1949
1781	0.1467
1782	0.1895
1783	0.2041
1784	0.2988
1785	0.2551
1786	0.1688
1787	0.1819
1788	0.2646
1789	0.2591
1790	0.276
1791	0.2135
1792	0.1973
1793	0.175
1794	0.1974
1795	0.1706
1796	0.2386
1797	0.2914
1798	0.28
1799	0.1569
1800	0.1982
1801	0.2019
1802	0.1995
1803	0.1632
1804	0.2403
1805	0.1592
1806	0.195
1807	0.2074
1808	0.3145
1809	0.2861
1810	0.2029
1811	0.3003
1812	0.2421
1813	0.3076
1814	0.2199
1815	0.199
1816	0.2469
1817	0.1774
1818	0.2775
1819	0.1869
1820	0.291
1821	0.2149
1822	0.2242
1823	0.2522
1824	0.1377
1825	0.1875
1826	0.1738
1827	0.1875
1828	0.2206
1829	0.1497
1830	0.1727
1831	0.2055
1832	0.2195
1833	0.2924
1834	0.2191
1835	0.1432
1836	0.4739
1837	0.1637
1838	0.1703
1839	0.195
1840	0.2039
1841	0.3004
1842	0.1387
1843	0.239
1844	0.408
1845	0.2126
1846	0.3303
1847	0.1711
1848	0.1863
1849	0.1211
1850	0.1277
1851	0.1582
1852	0.2391
1853	0.1783
1854	0.2393
1855	0.2585
1856	0.1476
1857	0.1569
1858	0.2967
1859	0.2164
1860	0.4309
1861	0.3428
1862	0.199
1863	0.1804
1864	0.3591
1865	0.1496
1866	0.1896
1867	0.2767
1868	0.2054
1869	0.1761
1870	0.1727
1871	0.2228
1872	0.1869
1873	0.2633
1874	0.1688
1875	0.202
1876	0.1513
1877	0.172
1878	0.2225
1879	0.1639
1880	0.222
1881	0.2434
1882	0.1912
1883	0.2789
1884	0.189
1885	0.2739
1886	0.2906
1887	0.3276
1888	0.1369
1889	0.166
1890	0.1775
1891	0.2735
1892	0.1548
1893	0.2092
1894	0.2182
1895	0.2109
1896	0.2579
1897	0.1944
1898	0.1811
1899	0.2089
1900	0.1654
1901	0.1969
1902	0.3637
1903	0.2304
1904	0.1671
1905	0.343
1906	0.1991
1907	0.2705
1908	0.2098
1909	0.1688
1910	0.221
1911	0.1805
1912	0.2634
1913	0.3292
1914	0.2228
1915	0.2167
1916	0.145
1917	0.2209
1918	0.2967
1919	0.1872
1920	0.2413
1921	0.2477
1922	0.2259
1923	0.1847
1924	0.1392
1925	0.2643
1926	0.1744
1927	0.1916
1928	0.3594
1929	0.2178
1930	0.2055
1931	0.212
1932	0.3196
1933	0.1998
1934	0.1801
1935	0.2331
1936	0.1703
1937	0.1387
1938	0.2374
1939	0.1509
1940	0.2659
1941	0.2537
1942	0.2375
1943	0.3105
1944	0.2488
1945	0.1891
1946	0.4117
1947	0.1403
1948	0.2691
1949	0.199
1950	0.2158
1951	0.2592
1952	0.2239
1953	0.2182
1954	0.1418
1955	0.2079
1956	0.2138
1957	0.2503
1958	0.181
1959	0.2104
1960	0.1281
1961	0.3112
1962	0.219
1963	0.2147
1964	0.1713
1965	0.2899
1966	0.2262
1967	0.2411
1968	0.1845
1969	0.2156
1970	0.1778
1971	0.2635
1972	0.3533
1973	0.1897
1974	0.2998
1975	0.1628
1976	0.2029
1977	0.1432
1978	0.2271
1979	0.1343
1980	0.3304
1981	0.2357
1982	0.1491
1983	0.1211
1984	0.221
1985	0.1727
1986	0.1845
1987	0.3031
1988	0.2081
1989	0.1828
1990	0.1249
1991	0.1819
1992	0.1482
1993	0.3496
1994	0.3935
1995	0.1826
1996	0.2013
1997	0.1289
1998	0.173
1999	0.2878
2000	0.1248
2001	0.1635
2002	0.1452
2003	0.168
2004	0.2527
2005	0.2908
2006	0.2772
2007	0.2221
2008	0.1612
2009	0.1777
2010	0.2864
2011	0.1801
2012	0.1879
2013	0.3075
2014	0.2265
2015	0.2381
2016	0.1738
2017	0.2616
2018	0.2176
2019	0.163
2020	0.2861
2021	0.2085
2022	0.164
2023	0.2552
2024	0.2758
2025	0.2378
2026	0.3528
2027	0.2531
2028	0.2615
2029	0.1849
2030	0.1824
2031	0.1911
2032	0.1209
2033	0.1871
2034	0.1985
2035	0.1308
2036	0.1142
2037	0.2146
2038	0.1091
2039	0.1891
2040	0.2384
2041	0.2248
2042	0.2032
2043	0.2374
2044	0.2166
2045	0.1679
2046	0.2846
2047	0.2733
2048	0.1898
2049	0.1681
2050	0.1687
2051	0.1192
2052	0.2619
2053	0.2142
2054	0.2304
2055	0.2173
2056	0.1691
2057	0.3662
2058	0.2389
2059	0.1529
2060	0.2529
2061	0.1531
2062	0.1599
2063	0.256
2064	0.2079
2065	0.1817
2066	0.1017
2067	0.185
2068	0.205
2069	0.1869
2070	0.1835
2071	0.2256
2072	0.1368
2073	0.1697
2074	0.2026
2075	0.1395
2076	0.1252
2077	0.3236
2078	0.1773
2079	0.1606
2080	0.2195
2081	0.1496
2082	0.1363
2083	0.1634
2084	0.2537
2085	0.2713
2086	0.1638
2087	0.4037
2088	0.2494
2089	0.1628
2090	0.2451
2091	0.188
2092	0.182
2093	0.258
2094	0.5207
2095	0.1733
2096	0.2474
2097	0.1716
2098	0.148
2099	0.1375
2100	0.1858
2101	0.1514
2102	0.2874
2103	0.1961
2104	0.1547
2105	0.3075
2106	0.2386
2107	0.2338
2108	0.3422
2109	0.1826
2110	0.2981
2111	0.1912
2112	0.4291
2113	0.1217
2114	0.2316
2115	0.2061
2116	0.1569
2117	0.1899
2118	0.1271
2119	0.2389
2120	0.1991
2121	0.2293
2122	0.2511
2123	0.1654
2124	0.2242
2125	0.1523
2126	0.1595
2127	0.214
2128	0.1734
2129	0.2382
2130	0.2107
2131	0.1723
2132	0.1634
2133	0.2261
2134	0.1062
2135	0.1853
2136	0.2365
2137	0.1427
2138	0.2008
2139	0.161
2140	0.2305
2141	0.1671
2142	0.1892
2143	0.1381
2144	0.1968
2145	0.1532
2146	0.3148
2147	0.2035
2148	0.1721
2149	0.2425
2150	0.1794
2151	0.1488
2152	0.1477
2153	0.1815
2154	0.1564
2155	0.2623
2156	0.3338
2157	0.1256
2158	0.2304
2159	0.1854
2160	0.1693
2161	0.1822
2162	0.2537
2163	0.2601
2164	0.2251
2165	0.3177
2166	0.2584
2167	0.378
2168	0.2307
2169	0.1215
2170	0.1618
2171	0.2965
2172	0.1881
2173	0.2119
2174	0.159
2175	0.152
2176	0.1618
2177	0.1764
2178	0.3783
2179	0.2217
2180	0.2561
2181	0.2508
2182	0.2348
2183	0.2295
2184	0.1516
2185	0.1946
2186	0.1699
2187	0.2592
2188	0.2591
2189	0.1719
2190	0.1318
2191	0.2046
2192	0.1772
2193	0.1591
2194	0.1413
2195	0.1427
2196	0.1553
2197	0.1683
2198	0.1622
2199	0.1431
2200	0.1933
2201	0.1343
2202	0.2253
2203	0.2361
2204	0.208
2205	0.2308
2206	0.1418
2207	0.2148
2208	0.155
2209	0.2538
2210	0.2653
2211	0.1953
2212	0.3048
2213	0.1679
2214	0.2601
2215	0.1631
2216	0.1442
2217	0.1369
2218	0.2239
2219	0.2647
2220	0.2203
2221	0.2368
2222	0.1415
2223	0.1501
2224	0.3146
2225	0.1677
2226	0.1591
2227	0.2124
2228	0.2807
2229	0.1949
2230	0.308
2231	0.2186
2232	0.1012
2233	0.2372
2234	0.242
2235	0.3796
2236	0.2391
2237	0.2096
2238	0.3393
2239	0.2137
2240	0.2095
2241	0.2667
2242	0.1647
2243	0.2117
2244	0.2141
2245	0.2065
2246	0.1833
2247	0.2132
2248	0.2074
2249	0.1919
2250	0.1501
2251	0.2492
2252	0.191
2253	0.2315
2254	0.2699
2255	0.2177
2256	0.2003
2257	0.2128
2258	0.2025
2259	0.1756
2260	0.2037
2261	0.5213
2262	0.2186
2263	0.2991
2264	0.2134
2265	0.1832
2266	0.2601
2267	0.1465
2268	0.1967
2269	0.2918
2270	0.2686
2271	0.322
2272	0.2585
2273	0.1317
2274	0.1724
2275	0.1683
2276	0.12
2277	0.1651
2278	0.2133
2279	0.1802
2280	0.1835
2281	0.2697
2282	0.385
2283	0.2157
2284	0.2319
2285	0.221
2286	0.3555
2287	0.2005
2288	0.1824
2289	0.2302
2290	0.1568
2291	0.2261
2292	0.1703
2293	0.1785
2294	0.3099
2295	0.2208
2296	0.2403
2297	0.213
2298	0.2086
2299	0.2624
2300	0.1159
2301	0.2183
2302	0.2456
2303	0.2525
2304	0.1665
2305	0.1427
2306	0.1673
2307	0.6659
2308	0.2497
2309	0.1654
2310	0.2344
2311	0.3552
2312	0.2346
2313	0.1933
2314	0.2412
2315	0.1959
2316	0.127
2317	0.2551
2318	0.261
2319	0.2008
2320	0.2019
2321	0.1645
2322	0.3095
2323	0.2156
2324	0.139
2325	0.1572
2326	0.536
2327	0.2249
2328	0.155
2329	0.1524
2330	0.2229
2331	0.1587
2332	0.2324
2333	0.1556
2334	0.2261
2335	0.1914
2336	0.1317
2337	0.1852
2338	0.2334
2339	0.1851
2340	0.2979
2341	0.2207
2342	0.129
2343	0.1356
2344	0.181
2345	0.2497
2346	0.1594
2347	0.1519
2348	0.2049
2349	0.2998
2350	0.2063
2351	0.1218
2352	0.1945
2353	0.314
2354	0.2264
2355	0.2223
2356	0.2579
2357	0.2146
2358	0.213
2359	0.2192
2360	0.1496
2361	0.2401
2362	0.3686
2363	0.1593
2364	0.1722
2365	0.2707
2366	0.1636
2367	0.2314
2368	0.2626
2369	0.428
2370	0.2002
2371	0.1908
2372	0.2793
2373	0.1678
2374	0.2326
2375	0.2013
2376	0.1796
2377	0.1463
2378	0.1501
2379	0.2162
2380	0.1356
2381	0.2018
2382	0.1905
2383	0.1834
2384	0.2299
2385	0.2429
2386	0.1362
2387	0.3549
2388	0.1729
2389	0.6926
2390	0.1345
2391	0.2921
2392	0.1343
2393	0.1883
2394	0.2974
2395	0.1994
2396	0.1549
2397	0.1727
2398	0.1623
2399	0.2472
2400	0.2566
2401	0.4179
2402	0.3467
2403	0.1879
2404	0.2261
2405	0.2229
2406	0.1889
2407	0.1682
2408	0.1429
2409	0.14
2410	0.1587
2411	0.3849
2412	0.2302
2413	0.1808
2414	0.2264
2415	0.2308
2416	0.3769
2417	0.2501
2418	0.2109
2419	0.1212
2420	0.158
2421	0.1884
2422	0.1917
2423	0.1516
2424	0.1439
2425	0.1832
2426	0.1575
2427	0.1319
2428	0.1836
2429	0.197
2430	0.2269
2431	0.3714
2432	0.2477
2433	0.1913
2434	0.1591
2435	0.1542
2436	0.1465
2437	0.2285
2438	0.1747
2439	0.1849
2440	0.1812
2441	0.1716
2442	0.1567
2443	0.2121
2444	0.2587
2445	0.1559
2446	0.2127
2447	0.2051
2448	0.1429
2449	0.2001
2450	0.148
2451	0.3429
2452	0.1639
2453	0.2636
2454	0.1694
2455	0.3008
2456	0.2449
2457	0.1506
2458	0.2941
2459	0.2074
2460	0.1886
2461	0.1374
2462	0.2292
2463	0.2569
2464	0.2425
2465	0.1807
2466	0.19
2467	0.1972
2468	0.1536
2469	0.3391
2470	0.2443
2471	0.1688
2472	0.2146
2473	0.1748
2474	0.164
2475	0.1876
2476	0.4077
2477	0.2449
2478	0.2815
2479	0.2566
2480	0.1769
2481	0.2057
2482	0.2291
2483	0.2748
2484	0.2163
2485	0.1498
2486	0.2815
2487	0.3552
2488	0.2464
2489	0.1663
2490	0.2368
2491	0.5499
2492	0.221
2493	0.2236
2494	0.2081
2495	0.2826
2496	0.1313
2497	0.2133
2498	0.266
2499	0.1597
2500	0.1857
2501	0.2076
2502	0.1404
2503	0.2003
2504	0.1811
2505	0.1813
2506	0.2253
2507	0.2169
2508	0.206
2509	0.1503
2510	0.1431
2511	0.1273
2512	0.1035
2513	0.2732
2514	0.313
2515	0.2629
2516	0.1911
2517	0.1427
2518	0.2265
2519	0.1611
2520	0.2416
2521	0.2539
2522	0.315
2523	0.1456
2524	0.1836
2525	0.2302
2526	0.1961
2527	0.4075
2528	0.1848
2529	0.1161
2530	0.16
2531	0.2483
2532	0.2169
2533	0.4289
2534	0.4034
2535	0.1235
2536	0.1744
2537	0.1761
2538	0.1949
2539	0.1506
2540	0.2694
2541	0.2763
2542	0.1754
2543	0.1912
2544	0.3234
2545	0.1833
2546	0.1502
2547	0.2177
2548	0.18
2549	0.1674
2550	0.2373
2551	0.157
2552	0.176
2553	0.2
2554	0.1657
2555	0.2207
2556	0.2499
2557	0.1897
2558	0.2041
2559	0.2016
2560	0.193
2561	0.2332
2562	0.3409
2563	0.2698
2564	0.2569
2565	0.1823
2566	0.2771
2567	0.1284
2568	0.2689
2569	0.1891
2570	0.2708
2571	0.2937
2572	0.4104
2573	0.1368
2574	0.2021
2575	0.2676
2576	0.2569
2577	0.2658
2578	0.2079
2579	0.4012
2580	0.2033
2581	0.1348
2582	0.1477
2583	0.1989
2584	0.308
2585	0.1538
2586	0.134
2587	0.2763
2588	0.2457
2589	0.1801
2590	0.1646
2591	0.1711
2592	0.1536
2593	0.139
2594	0.1672
2595	0.1357
2596	0.2393
2597	0.3308
2598	0.2796
2599	0.08675
2600	0.2575
2601	0.1731
2602	0.1363
2603	0.1647
2604	0.1971
2605	0.2279
2606	0.3041
2607	0.263
2608	0.21
2609	0.2452
2610	0.1959
2611	0.2549
2612	0.1915
2613	0.1569
2614	0.2321
2615	0.2306
2616	0.2494
2617	0.1991
2618	0.1737
2619	0.2246
2620	0.1579
2621	0.2267
2622	0.2437
2623	0.1622
2624	0.1824
2625	0.1672
2626	0.3066
2627	0.1258
2628	0.193
2629	0.3476
2630	0.1694
2631	0.1879
2632	0.1868
2633	0.186
2634	0.2323
2635	0.1825
2636	0.1976
2637	0.181
2638	0.2035
2639	0.2939
2640	0.1952
2641	0.178
2642	0.2187
2643	0.3849
2644	0.1313
2645	0.2001
2646	0.2079
2647	0.1362
2648	0.1512
2649	0.2252
2650	0.3737
2651	0.1465
2652	0.1247
2653	0.2013
2654	0.2245
2655	0.2154
2656	0.1557
2657	0.3796
2658	0.2096
2659	0.1911
2660	0.191
2661	0.1804
2662	0.2585
2663	0.2924
2664	0.2066
2665	0.154
2666	0.1767
2667	0.2095
2668	0.1955
2669	0.2279
2670	0.287
2671	0.1814
2672	0.2482
2673	0.1616
2674	0.2773
2675	0.1646
2676	0.1527
2677	0.1422
2678	0.1703
2679	0.2083
2680	0.1825
2681	0.1947
2682	0.2123
2683	0.2003
2684	0.1923
2685	0.1563
2686	0.2053
2687	0.2049
2688	0.1399
2689	0.3628
2690	0.2043
2691	0.1353
2692	0.178
2693	0.2077
2694	0.2487
2695	0.3073
2696	0.1733
2697	0.2188
2698	0.2567
2699	0.2242
2700	0.2154
2701	0.2894
2702	0.3042
2703	0.1201
2704	0.1693
2705	0.1778
2706	0.2067
2707	0.2247
2708	0.2527
2709	0.132
2710	0.1858
2711	0.1318
2712	0.1784
2713	0.1494
2714	0.1644
2715	0.2049
2716	0.3017
2717	0.1191
2718	0.2736
2719	0.1467
2720	0.2732
2721	0.1174
2722	0.2029
2723	0.2521
2724	0.2285
2725	0.2337
2726	0.2784
2727	0.1585
2728	0.3216
2729	0.1971
2730	0.2579
2731	0.2054
2732	0.2158
2733	0.2952
2734	0.2598
2735	0.2919
2736	0.1355
2737	0.2072
2738	0.3701
2739	0.09602
2740	0.3612
2741	0.2017
2742	0.2103
2743	0.1341
2744	0.1413
2745	0.143
2746	0.1835
2747	0.1954
2748	0.2426
2749	0.3169
2750	0.3736
2751	0.2865
2752	0.1693
2753	0.2339
2754	0.2975
2755	0.2164
2756	0.2883
2757	0.4242
2758	0.1954
2759	0.1955
2760	0.1644
2761	0.1972
2762	0.2412
2763	0.2233
2764	0.2059
2765	0.1154
2766	0.2202
2767	0.2414
2768	0.2976
2769	0.2548
2770	0.1251
2771	0.3045
2772	0.2313
2773	0.2733
2774	0.2328
2775	0.2047
2776	0.2023
2777	0.1691
2778	0.1734
2779	0.1556
2780	0.2302
2781	0.2924
2782	0.1652
2783	0.1476
2784	0.1801
2785	0.2925
2786	0.1688
2787	0.1523
2788	0.1446
2789	0.1495
2790	0.1488
2791	0.2523
2792	0.2017
2793	0.1686
2794	0.3252
2795	0.135
2796	0.4242
2797	0.185
2798	0.1722
2799	0.1422
2800	0.2308
2801	0.3295
2802	0.1493
2803	0.1813
2804	0.1538
2805	0.1566
2806	0.1844
2807	0.212
2808	0.1811
2809	0.17
2810	0.3469
2811	0.2196
2812	0.4382
2813	0.15
2814	0.1375
2815	0.2091
2816	0.1345
2817	0.2265
2818	0.1773
2819	0.2346
2820	0.2378
2821	0.237
2822	0.1708
2823	0.1658
2824	0.152
2825	0.2838
2826	0.1959
2827	0.1755
2828	0.1235
2829	0.2444
2830	0.1873
2831	0.1484
2832	0.2175
2833	0.2584
2834	0.5866
2835	0.1753
2836	0.174
2837	0.1613
2838	0.2608
2839	0.2468
2840	0.2857
2841	0.2091
2842	0.1699
2843	0.2096
2844	0.1971
2845	0.1649
2846	0.2894
2847	0.2373
2848	0.2309
2849	0.1784
2850	0.3363
2851	0.2228
2852	0.3667
2853	0.1765
2854	0.167
2855	0.1793
2856	0.1981
2857	0.1777
2858	0.1498
2859	0.2703
2860	0.1202
2861	0.1824
2862	0.1741
2863	0.2671
2864	0.2251
2865	0.2597
2866	0.1482
2867	0.1788
2868	0.1763
2869	0.1688
2870	0.2612
2871	0.2008
2872	0.1981
2873	0.2793
2874	0.1777
2875	0.3561
2876	0.145
2877	0.1602
2878	0.1803
2879	0.1511
2880	0.2506
2881	0.1163
2882	0.2838
2883	0.1718
2884	0.1563
2885	0.1655
2886	0.1974
2887	0.1336
2888	0.2718
2889	0.2747
2890	0.199
2891	0.2199
2892	0.3004
2893	0.2062
2894	0.2206
2895	0.1912
2896	0.1474
2897	0.2515
2898	0.2139
2899	0.1387
2900	0.2219
2901	0.2611
2902	0.2518
2903	0.1087
2904	0.1539
2905	0.2149
2906	0.3388
2907	0.1747
2908	0.3217
2909	0.1951
2910	0.1472
2911	0.1855
2912	0.1829
2913	0.1999
2914	0.2305
2915	0.2678
2916	0.2158
2917	0.1446
2918	0.2953
2919	0.2065
2920	0.1545
2921	0.1064
2922	0.2275
2923	0.2235
2924	0.1447
2925	0.1849
2926	0.1704
2927	0.2604
2928	0.1775
2929	0.2511
2930	0.2594
2931	0.244
2932	0.1521
2933	0.1511
2934	0.169
2935	0.187
2936	0.2162
2937	0.2756
2938	0.1247
2939	0.2311
2940	0.3075
2941	0.2184
2942	0.1651
2943	0.1094
2944	0.1703
2945	0.2831
2946	0.1624
2947	0.3323
2948	0.1749
2949	0.2484
2950	0.1877
2951	0.2532
2952	0.321
2953	0.2115
2954	0.1677
2955	0.12
2956	0.2145
2957	0.339
2958	0.3071
2959	0.1419
2960	0.3803
2961	0.3171
2962	0.1548
2963	0.1559
2964	0.2619
2965	0.1643
2966	0.251
2967	0.1772
2968	0.1057
2969	0.1662
2970	0.2554
2971	0.1623
2972	0.3246
2973	0.1839
2974	0.3063
2975	0.1573
2976	0.349
2977	0.1442
2978	0.2218
2979	0.323
2980	0.1969
2981	0.2321
2982	0.2441
2983	0.1577
2984	0.1781
2985	0.1903
2986	0.3068
2987	0.1435
2988	0.1489
2989	0.2433
2990	0.2166
2991	0.2048
2992	0.2244
2993	0.1183
2994	0.1512
2995	0.2344
2996	0.3105
2997	0.2096
2998	0.1563
2999	0.1959
3000	0.198
