1001	5.6
1002	5.432
1003	5.548
1004	5.482
1005	5.567
1006	5.546
1007	5.623
1008	5.588
1009	5.422
1010	5.497
1011	5.484
1012	5.45
1013	5.435
1014	5.479
1015	5.378
1016	5.551
1017	5.517
1018	5.59
1019	5.488
1020	5.396
1021	5.383
1022	5.463
1023	5.434
1024	5.498
1025	5.443
1026	5.586
1027	5.545
1028	5.508
1029	5.525
1030	5.312
1031	5.581
1032	5.523
1033	5.472
1034	5.497
1035	5.486
1036	5.665
1037	5.524
1038	5.581
1039	5.568
1040	5.432
1041	5.479
1042	5.537
1043	5.405
1044	5.497
1045	5.438
1046	5.576
1047	5.369
1048	5.644
1049	5.514
1050	5.523
1051	5.528
1052	5.536
1053	5.6
1054	5.521
1055	5.436
1056	5.525
1057	5.419
1058	5.218
1059	5.505
1060	5.376
1061	5.571
1062	5.605
1063	5.506
1064	5.517
1065	5.353
1066	5.441
1067	5.474
1068	5.531
1069	5.512
1070	5.405
1071	5.619
1072	5.643
1073	5.509
1074	5.429
1075	5.386
1076	5.515
1077	5.558
1078	5.629
1079	5.378
1080	5.375
1081	5.522
1082	5.483
1083	5.556
1084	5.476
1085	5.504
1086	5.636
1087	5.489
1088	5.423
1089	5.503
1090	5.473
1091	5.393
1092	5.356
1093	5.477
1094	5.478
1095	5.51
1096	5.369
1097	5.415
1098	5.411
1099	5.433
1100	5.43
1101	5.444
1102	5.501
1103	5.544
1104	5.446
1105	5.366
1106	5.53
1107	5.413
1108	5.499
1109	5.414
1110	5.694
1111	5.342
1112	5.579
1113	5.542
1114	5.519
1115	5.365
1116	5.285
1117	5.373
1118	5.441
1119	5.608
1120	5.435
1121	5.455
1122	5.501
1123	5.326
1124	5.452
1125	5.521
1126	5.397
1127	5.495
1128	5.472
1129	5.539
1130	5.428
1131	5.348
1132	5.468
1133	5.532
1134	5.514
1135	5.452
1136	5.438
1137	5.382
1138	5.437
1139	5.504
1140	5.457
1141	5.57
1142	5.522
1143	5.533
1144	5.53
1145	5.631
1146	5.466
1147	5.504
1148	5.424
1149	5.466
1150	5.449
1151	5.356
1152	5.476
1153	5.45
1154	5.457
1155	5.29
1156	5.448
1157	5.454
1158	5.539
1159	5.28
1160	5.515
1161	5.524
1162	5.439
1163	5.558
1164	5.551
1165	5.489
1166	5.45
1167	5.371
1168	5.649
1169	5.446
1170	5.431
1171	5.413
1172	5.601
1173	5.553
1174	5.265
1175	5.479
1176	5.485
1177	5.493
1178	5.526
1179	5.371
1180	5.401
1181	5.476
1182	5.613
1183	5.528
1184	5.516
1185	5.482
1186	5.472
1187	5.371
1188	5.309
1189	5.683
1190	5.479
1191	5.457
1192	5.561
1193	5.533
1194	5.427
1195	5.438
1196	5.585
1197	5.439
1198	5.382
1199	5.501
1200	5.414
1201	5.347
1202	5.382
1203	5.558
1204	5.412
1205	5.374
1206	5.46
1207	5.533
1208	5.487
1209	5.387
1210	5.431
1211	5.307
1212	5.601
1213	5.437
1214	5.288
1215	5.467
1216	5.505
1217	5.501
1218	5.554
1219	5.515
1220	5.466
1221	5.457
1222	5.427
1223	5.502
1224	5.387
1225	5.386
1226	5.558
1227	5.425
1228	5.444
1229	5.59
1230	5.473
1231	5.504
1232	5.449
1233	5.336
1234	5.488
1235	5.513
1236	5.553
1237	5.397
1238	5.413
1239	5.458
1240	5.505
1241	5.42
1242	5.702
1243	5.547
1244	5.441
1245	5.54
1246	5.426
1247	5.438
1248	5.551
1249	5.526
1250	5.383
1251	5.537
1252	5.334
1253	5.516
1254	5.517
1255	5.396
1256	5.468
1257	5.449
1258	5.558
1259	5.574
1260	5.601
1261	5.48
1262	5.409
1263	5.314
1264	5.454
1265	5.484
1266	5.545
1267	5.685
1268	5.592
1269	5.445
1270	5.377
1271	5.458
1272	5.533
1273	5.466
1274	5.501
1275	5.321
1276	5.4
1277	5.643
1278	5.65
1279	5.442
1280	5.513
1281	5.56
1282	5.682
1283	5.511
1284	5.414
1285	5.383
1286	5.422
1287	5.495
1288	5.616
1289	5.605
1290	5.45
1291	5.473
1292	5.576
1293	5.608
1294	5.409
1295	5.608
1296	5.451
1297	5.48
1298	5.389
1299	5.353
1300	5.532
1301	5.551
1302	5.42
1303	5.517
1304	5.373
1305	5.368
1306	5.641
1307	5.445
1308	5.557
1309	5.537
1310	5.566
1311	5.612
1312	5.75
1313	5.541
1314	5.558
1315	5.463
1316	5.496
1317	5.545
1318	5.484
1319	5.517
1320	5.515
1321	5.377
1322	5.706
1323	5.45
1324	5.531
1325	5.492
1326	5.54
1327	5.45
1328	5.529
1329	5.51
1330	5.338
1331	5.479
1332	5.51
1333	5.596
1334	5.357
1335	5.506
1336	5.463
1337	5.512
1338	5.506
1339	5.467
1340	5.813
1341	5.445
1342	5.456
1343	5.518
1344	5.476
1345	5.512
1346	5.481
1347	5.543
1348	5.529
1349	5.406
1350	5.506
1351	5.417
1352	5.585
1353	5.551
1354	5.605
1355	5.591
1356	5.309
1357	5.418
1358	5.476
1359	5.544
1360	5.34
1361	5.417
1362	5.431
1363	5.61
1364	5.578
1365	5.372
1366	5.601
1367	5.544
1368	5.535
1369	5.423
1370	5.406
1371	5.501
1372	5.549
1373	5.604
1374	5.521
1375	5.457
1376	5.495
1377	5.37
1378	5.452
1379	5.477
1380	5.651
1381	5.497
1382	5.587
1383	5.396
1384	5.463
1385	5.636
1386	5.457
1387	5.563
1388	5.593
1389	5.501
1390	5.443
1391	5.381
1392	5.503
1393	5.592
1394	5.463
1395	5.367
1396	5.332
1397	5.401
1398	5.502
1399	5.589
1400	5.453
1401	5.623
1402	5.478
1403	5.421
1404	5.538
1405	5.379
1406	5.41
1407	5.64
1408	5.659
1409	5.372
1410	5.513
1411	5.473
1412	5.502
1413	5.482
1414	5.523
1415	5.672
1416	5.521
1417	5.348
1418	5.427
1419	5.494
1420	5.491
1421	5.361
1422	5.416
1423	5.699
1424	5.503
1425	5.429
1426	5.487
1427	5.347
1428	5.408
1429	5.511
1430	5.346
1431	5.442
1432	5.576
1433	5.676
1434	5.621
1435	5.246
1436	5.481
1437	5.464
1438	5.315
1439	5.359
1440	5.535
1441	5.463
1442	5.465
1443	5.465
1444	5.362
1445	5.57
1446	5.588
1447	5.494
1448	5.599
1449	5.451
1450	5.529
1451	5.459
1452	5.725
1453	5.528
1454	5.437
1455	5.494
1456	5.517
1457	5.485
1458	5.492
1459	5.372
1460	5.507
1461	5.376
1462	5.351
1463	5.619
1464	5.411
1465	5.51
1466	5.419
1467	5.703
1468	5.298
1469	5.521
1470	5.426
1471	5.526
1472	5.413
1473	5.515
1474	5.438
1475	5.469
1476	5.606
1477	5.473
1478	5.457
1479	5.509
1480	5.595
1481	5.368
1482	5.519
1483	5.505
1484	5.558
1485	5.619
1486	5.349
1487	5.527
1488	5.441
1489	5.387
1490	5.461
1491	5.554
1492	5.356
1493	5.478
1494	5.447
1495	5.469
1496	5.444
1497	5.507
1498	5.612
1499	5.489
1500	5.563
1501	5.367
1502	5.518
1503	5.577
1504	5.272
1505	5.553
1506	5.507
1507	5.624
1508	5.314
1509	5.502
1510	5.376
1511	5.459
1512	5.561
1513	5.574
1514	5.457
1515	5.539
1516	5.479
1517	5.359
1518	5.498
1519	5.54
1520	5.505
1521	5.479
1522	5.352
1523	5.472
1524	5.442
1525	5.451
1526	5.573
1527	5.343
1528	5.566
1529	5.51
1530	5.572
1531	5.418
1532	5.553
1533	5.588
1534	5.525
1535	5.414
1536	5.463
1537	5.489
1538	5.478
1539	5.394
1540	5.477
1541	5.267
1542	5.415
1543	5.431
1544	5.486
1545	5.545
1546	5.662
1547	5.441
1548	5.442
1549	5.386
1550	5.559
1551	5.587
1552	5.567
1553	5.49
1554	5.6
1555	5.564
1556	5.483
1557	5.297
1558	5.533
1559	5.514
1560	5.605
1561	5.503
1562	5.537
1563	5.435
1564	5.488
1565	5.536
1566	5.548
1567	5.563
1568	5.503
1569	5.386
1570	5.529
1571	5.199
1572	5.577
1573	5.463
1574	5.561
1575	5.393
1576	5.554
1577	5.593
1578	5.488
1579	5.515
1580	5.661
1581	5.463
1582	5.416
1583	5.584
1584	5.587
1585	5.516
1586	5.414
1587	5.405
1588	5.373
1589	5.36
1590	5.473
1591	5.521
1592	5.413
1593	5.497
1594	5.558
1595	5.676
1596	5.423
1597	5.41
1598	5.35
1599	5.437
1600	5.408
1601	5.46
1602	5.497
1603	5.685
1604	5.436
1605	5.618
1606	5.541
1607	5.522
1608	5.34
1609	5.325
1610	5.508
1611	5.585
1612	5.54
1613	5.489
1614	5.494
1615	5.441
1616	5.453
1617	5.5
1618	5.444
1619	5.356
1620	5.564
1621	5.597
1622	5.473
1623	5.371
1624	5.312
1625	5.49
1626	5.521
1627	5.511
1628	5.491
1629	5.517
1630	5.438
1631	5.676
1632	5.499
1633	5.59
1634	5.565
1635	5.403
1636	5.453
1637	5.476
1638	5.514
1639	5.346
1640	5.528
1641	5.415
1642	5.545
1643	5.39
1644	5.425
1645	5.49
1646	5.674
1647	5.53
1648	5.517
1649	5.569
1650	5.419
1651	5.406
1652	5.348
1653	5.49
1654	5.397
1655	5.46
1656	5.462
1657	5.477
1658	5.537
1659	5.346
1660	5.436
1661	5.614
1662	5.481
1663	5.6
1664	5.467
1665	5.281
1666	5.469
1667	5.497
1668	5.428
1669	5.496
1670	5.375
1671	5.451
1672	5.446
1673	5.353
1674	5.623
1675	5.439
1676	5.54
1677	5.468
1678	5.517
1679	5.656
1680	5.448
1681	5.474
1682	5.448
1683	5.422
1684	5.507
1685	5.52
1686	5.591
1687	5.298
1688	5.445
1689	5.507
1690	5.537
1691	5.399
1692	5.472
1693	5.628
1694	5.447
1695	5.478
1696	5.472
1697	5.445
1698	5.592
1699	5.431
1700	5.522
1701	5.303
1702	5.51
1703	5.34
1704	5.471
1705	5.538
1706	5.539
1707	5.537
1708	5.51
1709	5.493
1710	5.466
1711	5.441
1712	5.548
1713	5.612
1714	5.461
1715	5.504
1716	5.66
1717	5.467
1718	5.532
1719	5.488
1720	5.687
1721	5.339
1722	5.563
1723	5.516
1724	5.5
1725	5.475
1726	5.461
1727	5.43
1728	5.42
1729	5.431
1730	5.561
1731	5.539
1732	5.666
1733	5.527
1734	5.387
1735	5.507
1736	5.606
1737	5.492
1738	5.489
1739	5.319
1740	5.426
1741	5.414
1742	5.462
1743	5.459
1744	5.489
1745	5.341
1746	5.697
1747	5.506
1748	5.513
1749	5.402
1750	5.41
1751	5.339
1752	5.542
1753	5.543
1754	5.401
1755	5.447
1756	5.485
1757	5.661
1758	5.601
1759	5.608
1760	5.56
1761	5.57
1762	5.501
1763	5.586
1764	5.692
1765	5.527
1766	5.483
1767	5.418
1768	5.534
1769	5.445
1770	5.476
1771	5.589
1772	5.565
1773	5.547
1774	5.525
1775	5.636
1776	5.548
1777	5.42
1778	5.454
1779	5.56
1780	5.461
1781	5.543
1782	5.428
1783	5.573
1784	5.491
1785	5.374
1786	5.251
1787	5.391
1788	5.454
1789	5.468
1790	5.206
1791	5.479
1792	5.381
1793	5.388
1794	5.336
1795	5.369
1796	5.436
1797	5.486
1798	5.696
1799	5.364
1800	5.615
1801	5.533
1802	5.42
1803	5.538
1804	5.582
1805	5.38
1806	5.362
1807	5.481
1808	5.53
1809	5.465
1810	5.481
1811	5.375
1812	5.468
1813	5.385
1814	5.547
1815	5.486
1816	5.625
1817	5.422
1818	5.462
1819	5.533
1820	5.619
1821	5.63
1822	5.555
1823	5.479
1824	5.551
1825	5.459
1826	5.398
1827	5.449
1828	5.478
1829	5.498
1830	5.62
1831	5.431
1832	5.415
1833	5.474
1834	5.475
1835	5.709
1836	5.677
1837	5.449
1838	5.542
1839	5.625
1840	5.56
1841	5.478
1842	5.386
1843	5.559
1844	5.342
1845	5.361
1846	5.428
1847	5.669
1848	5.462
1849	5.538
1850	5.504
1851	5.434
1852	5.425
1853	5.339
1854	5.438
1855	5.416
1856	5.435
1857	5.375
1858	5.515
1859	5.444
1860	5.418
1861	5.509
1862	5.538
1863	5.463
1864	5.404
1865	5.369
1866	5.491
1867	5.465
1868	5.76
1869	5.616
1870	5.453
1871	5.444
1872	5.566
1873	5.662
1874	5.566
1875	5.574
1876	5.512
1877	5.55
1878	5.396
1879	5.344
1880	5.653
1881	5.567
1882	5.437
1883	5.542
1884	5.401
1885	5.374
1886	5.553
1887	5.386
1888	5.509
1889	5.238
1890	5.323
1891	5.513
1892	5.517
1893	5.49
1894	5.558
1895	5.434
1896	5.516
1897	5.394
1898	5.34
1899	5.404
1900	5.476
1901	5.604
1902	5.358
1903	5.488
1904	5.453
1905	5.512
1906	5.324
1907	5.406
1908	5.457
1909	5.527
1910	5.449
1911	5.545
1912	5.471
1913	5.53
1914	5.429
1915	5.35
1916	5.354
1917	5.544
1918	5.443
1919	5.499
1920	5.452
1921	5.437
1922	5.521
1923	5.434
1924	5.65
1925	5.47
1926	5.36
1927	5.628
1928	5.544
1929	5.477
1930	5.383
1931	5.465
1932	5.452
1933	5.447
1934	5.388
1935	5.67
1936	5.443
1937	5.416
1938	5.388
1939	5.464
1940	5.529
1941	5.477
1942	5.554
1943	5.373
1944	5.376
1945	5.357
1946	5.427
1947	5.522
1948	5.622
1949	5.446
1950	5.445
1951	5.408
1952	5.483
1953	5.397
1954	5.434
1955	5.536
1956	5.487
1957	5.581
1958	5.584
1959	5.318
1960	5.479
1961	5.587
1962	5.436
1963	5.33
1964	5.524
1965	5.344
1966	5.436
1967	5.445
1968	5.504
1969	5.457
1970	5.604
1971	5.472
1972	5.47
1973	5.425
1974	5.478
1975	5.582
1976	5.573
1977	5.176
1978	5.47
1979	5.624
1980	5.637
1981	5.536
1982	5.486
1983	5.472
1984	5.247
1985	5.54
1986	5.544
1987	5.372
1988	5.42
1989	5.453
1990	5.704
1991	5.539
1992	5.483
1993	5.624
1994	5.411
1995	5.594
1996	5.509
1997	5.587
1998	5.604
1999	5.285
2000	5.469
2001	5.59
2002	5.447
2003	5.558
2004	5.483
2005	5.384
2006	5.607
2007	5.651
2008	5.291
2009	5.452
2010	5.407
2011	5.464
2012	5.551
2013	5.555
2014	5.515
2015	5.61
2016	5.358
2017	5.497
2018	5.437
2019	5.392
2020	5.568
2021	5.508
2022	5.395
2023	5.572
2024	5.638
2025	5.328
2026	5.558
2027	5.511
2028	5.702
2029	5.612
2030	5.565
2031	5.516
2032	5.538
2033	5.38
2034	5.505
2035	5.429
2036	5.501
2037	5.425
2038	5.346
2039	5.266
2040	5.462
2041	5.516
2042	5.605
2043	5.478
2044	5.502
2045	5.639
2046	5.418
2047	5.518
2048	5.581
2049	5.494
2050	5.564
2051	5.576
2052	5.403
2053	5.467
2054	5.359
2055	5.397
2056	5.435
2057	5.562
2058	5.551
2059	5.355
2060	5.731
2061	5.357
2062	5.428
2063	5.554
2064	5.459
2065	5.313
2066	5.286
2067	5.549
2068	5.556
2069	5.559
2070	5.609
2071	5.61
2072	5.485
2073	5.501
2074	5.283
2075	5.452
2076	5.489
2077	5.552
2078	5.49
2079	5.536
2080	5.435
2081	5.62
2082	5.396
2083	5.597
2084	5.524
2085	5.4
2086	5.437
2087	5.532
2088	5.546
2089	5.59
2090	5.501
2091	5.462
2092	5.503
2093	5.394
2094	5.436
2095	5.456
2096	5.439
2097	5.572
2098	5.574
2099	5.637
2100	5.473
2101	5.473
2102	5.451
2103	5.566
2104	5.451
2105	5.511
2106	5.41
2107	5.414
2108	5.52
2109	5.498
2110	5.43
2111	5.52
2112	5.441
2113	5.463
2114	5.457
2115	5.653
2116	5.434
2117	5.521
2118	5.407
2119	5.524
2120	5.576
2121	5.499
2122	5.423
2123	5.484
2124	5.383
2125	5.539
2126	5.507
2127	5.554
2128	5.628
2129	5.502
2130	5.421
2131	5.539
2132	5.619
2133	5.359
2134	5.56
2135	5.464
2136	5.437
2137	5.565
2138	5.423
2139	5.503
2140	5.471
2141	5.677
2142	5.41
2143	5.575
2144	5.589
2145	5.444
2146	5.404
2147	5.546
2148	5.631
2149	5.509
2150	5.443
2151	5.371
2152	5.332
2153	5.5
2154	5.437
2155	5.47
2156	5.417
2157	5.383
2158	5.499
2159	5.524
2160	5.356
2161	5.447
2162	5.453
2163	5.494
2164	5.412
2165	5.486
2166	5.523
2167	5.503
2168	5.501
2169	5.416
2170	5.516
2171	5.472
2172	5.445
2173	5.515
2174	5.465
2175	5.693
2176	5.531
2177	5.556
2178	5.424
2179	5.591
2180	5.431
2181	5.532
2182	5.466
2183	5.409
2184	5.562
2185	5.437
2186	5.455
2187	5.447
2188	5.656
2189	5.489
2190	5.349
2191	5.394
2192	5.376
2193	5.395
2194	5.518
2195	5.428
2196	5.427
2197	5.401
2198	5.51
2199	5.204
2200	5.453
2201	5.54
2202	5.641
2203	5.387
2204	5.419
2205	5.517
2206	5.375
2207	5.395
2208	5.573
2209	5.605
2210	5.465
2211	5.473
2212	5.474
2213	5.476
2214	5.551
2215	5.617
2216	5.523
2217	5.269
2218	5.556
2219	5.435
2220	5.529
2221	5.52
2222	5.596
2223	5.576
2224	5.339
2225	5.539
2226	5.72
2227	5.48
2228	5.493
2229	5.568
2230	5.323
2231	5.357
2232	5.415
2233	5.436
2234	5.565
2235	5.451
2236	5.498
2237	5.427
2238	5.423
2239	5.487
2240	5.492
2241	5.394
2242	5.649
2243	5.32
2244	5.404
2245	5.485
2246	5.532
2247	5.42
2248	5.61
2249	5.537
2250	5.512
2251	5.475
2252	5.395
2253	5.409
2254	5.465
2255	5.439
2256	5.467
2257	5.412
2258	5.406
2259	5.576
2260	5.574
2261	5.459
2262	5.578
2263	5.554
2264	5.482
2265	5.755
2266	5.361
2267	5.503
2268	5.468
2269	5.482
2270	5.392
2271	5.598
2272	5.449
2273	5.523
2274	5.374
2275	5.447
2276	5.46
2277	5.677
2278	5.527
2279	5.737
2280	5.577
2281	5.465
2282	5.494
2283	5.444
2284	5.563
2285	5.756
2286	5.307
2287	5.529
2288	5.382
2289	5.538
2290	5.412
2291	5.592
2292	5.475
2293	5.558
2294	5.512
2295	5.454
2296	5.479
2297	5.543
2298	5.447
2299	5.312
2300	5.541
2301	5.523
2302	5.519
2303	5.719
2304	5.516
2305	5.431
2306	5.543
2307	5.359
2308	5.538
2309	5.495
2310	5.382
2311	5.499
2312	5.519
2313	5.588
2314	5.585
2315	5.471
2316	5.411
2317	5.577
2318	5.426
2319	5.428
2320	5.525
2321	5.543
2322	5.574
2323	5.502
2324	5.444
2325	5.427
2326	5.354
2327	5.427
2328	5.464
2329	5.452
2330	5.526
2331	5.471
2332	5.432
2333	5.428
2334	5.486
2335	5.35
2336	5.431
2337	5.451
2338	5.537
2339	5.45
2340	5.671
2341	5.479
2342	5.372
2343	5.48
2344	5.348
2345	5.374
2346	5.549
2347	5.45
2348	5.511
2349	5.438
2350	5.537
2351	5.448
2352	5.358
2353	5.399
2354	5.364
2355	5.535
2356	5.456
2357	5.346
2358	5.455
2359	5.59
2360	5.218
2361	5.557
2362	5.594
2363	5.536
2364	5.444
2365	5.526
2366	5.565
2367	5.661
2368	5.436
2369	5.436
2370	5.451
2371	5.515
2372	5.633
2373	5.553
2374	5.297
2375	5.51
2376	5.528
2377	5.495
2378	5.675
2379	5.501
2380	5.32
2381	5.382
2382	5.38
2383	5.434
2384	5.502
2385	5.63
2386	5.533
2387	5.422
2388	5.463
2389	5.205
2390	5.364
2391	5.523
2392	5.497
2393	5.496
2394	5.575
2395	5.582
2396	5.424
2397	5.472
2398	5.505
2399	5.575
2400	5.43
2401	5.574
2402	5.559
2403	5.376
2404	5.478
2405	5.297
2406	5.585
2407	5.552
2408	5.358
2409	5.465
2410	5.37
2411	5.465
2412	5.483
2413	5.551
2414	5.521
2415	5.577
2416	5.411
2417	5.502
2418	5.439
2419	5.348
2420	5.501
2421	5.477
2422	5.518
2423	5.433
2424	5.446
2425	5.393
2426	5.535
2427	5.575
2428	5.61
2429	5.428
2430	5.377
2431	5.389
2432	5.494
2433	5.481
2434	5.426
2435	5.292
2436	5.651
2437	5.451
2438	5.39
2439	5.522
2440	5.427
2441	5.589
2442	5.385
2443	5.563
2444	5.58
2445	5.507
2446	5.521
2447	5.471
2448	5.538
2449	5.414
2450	5.518
2451	5.522
2452	5.569
2453	5.491
2454	5.479
2455	5.298
2456	5.57
2457	5.503
2458	5.537
2459	5.383
2460	5.662
2461	5.657
2462	5.277
2463	5.615
2464	5.555
2465	5.431
2466	5.584
2467	5.573
2468	5.411
2469	5.541
2470	5.526
2471	5.344
2472	5.53
2473	5.494
2474	5.498
2475	5.471
2476	5.533
2477	5.487
2478	5.504
2479	5.432
2480	5.482
2481	5.447
2482	5.459
2483	5.524
2484	5.544
2485	5.601
2486	5.656
2487	5.523
2488	5.301
2489	5.573
2490	5.502
2491	5.535
2492	5.523
2493	5.426
2494	5.43
2495	5.507
2496	5.515
2497	5.457
2498	5.464
2499	5.566
2500	5.451
2501	5.527
2502	5.401
2503	5.603
2504	5.444
2505	5.473
2506	5.445
2507	5.417
2508	5.588
2509	5.502
2510	5.39
2511	5.467
2512	5.584
2513	5.56
2514	5.802
2515	5.532
2516	5.49
2517	5.545
2518	5.543
2519	5.548
2520	5.516
2521	5.405
2522	5.423
2523	5.469
2524	5.546
2525	5.478
2526	5.445
2527	5.574
2528	5.389
2529	5.567
2530	5.452
2531	5.338
2532	5.582
2533	5.443
2534	5.667
2535	5.425
2536	5.485
2537	5.383
2538	5.378
2539	5.369
2540	5.468
2541	5.54
2542	5.427
2543	5.573
2544	5.453
2545	5.483
2546	5.506
2547	5.483
2548	5.317
2549	5.489
2550	5.536
2551	5.363
2552	5.384
2553	5.427
2554	5.455
2555	5.506
2556	5.516
2557	5.487
2558	5.564
2559	5.484
2560	5.488
2561	5.619
2562	5.489
2563	5.564
2564	5.454
2565	5.659
2566	5.53
2567	5.363
2568	5.418
2569	5.378
2570	5.534
2571	5.445
2572	5.316
2573	5.66
2574	5.402
2575	5.473
2576	5.392
2577	5.428
2578	5.424
2579	5.489
2580	5.694
2581	5.408
2582	5.412
2583	5.373
2584	5.502
2585	5.5
2586	5.454
2587	5.475
2588	5.451
2589	5.619
2590	5.495
2591	5.685
2592	5.425
2593	5.494
2594	5.507
2595	5.455
2596	5.45
2597	5.403
2598	5.455
2599	5.616
2600	5.268
2601	5.463
2602	5.436
2603	5.577
2604	5.569
2605	5.398
2606	5.448
2607	5.401
2608	5.562
2609	5.479
2610	5.431
2611	5.63
2612	5.422
2613	5.341
2614	5.376
2615	5.456
2616	5.425
2617	5.456
2618	5.374
2619	5.557
2620	5.411
2621	5.661
2622	5.537
2623	5.588
2624	5.581
2625	5.466
2626	5.51
2627	5.459
2628	5.536
2629	5.486
2630	5.34
2631	5.607
2632	5.462
2633	5.461
2634	5.443
2635	5.469
2636	5.532
2637	5.404
2638	5.53
2639	5.326
2640	5.482
2641	5.626
2642	5.458
2643	5.432
2644	5.405
2645	5.559
2646	5.378
2647	5.582
2648	5.506
2649	5.437
2650	5.518
2651	5.387
2652	5.569
2653	5.44
2654	5.562
2655	5.722
2656	5.402
2657	5.515
2658	5.648
2659	5.443
2660	5.494
2661	5.416
2662	5.456
2663	5.619
2664	5.494
2665	5.604
2666	5.517
2667	5.459
2668	5.494
2669	5.267
2670	5.471
2671	5.42
2672	5.447
2673	5.593
2674	5.462
2675	5.345
2676	5.678
2677	5.394
2678	5.496
2679	5.565
2680	5.41
2681	5.561
2682	5.492
2683	5.495
2684	5.399
2685	5.455
2686	5.467
2687	5.323
2688	5.406
2689	5.412
2690	5.58
2691	5.382
2692	5.526
2693	5.61
2694	5.499
2695	5.413
2696	5.404
2697	5.527
2698	5.457
2699	5.388
2700	5.514
2701	5.465
2702	5.541
2703	5.601
2704	5.458
2705	5.498
2706	5.569
2707	5.477
2708	5.575
2709	5.496
2710	5.627
2711	5.46
2712	5.55
2713	5.422
2714	5.384
2715	5.555
2716	5.409
2717	5.518
2718	5.524
2719	5.491
2720	5.417
2721	5.563
2722	5.521
2723	5.486
2724	5.451
2725	5.514
2726	5.483
2727	5.391
2728	5.454
2729	5.477
2730	5.512
2731	5.307
2732	5.436
2733	5.51
2734	5.431
2735	5.443
2736	5.484
2737	5.463
2738	5.569
2739	5.569
2740	5.551
2741	5.456
2742	5.442
2743	5.461
2744	5.578
2745	5.446
2746	5.609
2747	5.525
2748	5.465
2749	5.493
2750	5.425
2751	5.511
2752	5.441
2753	5.477
2754	5.519
2755	5.447
2756	5.558
2757	5.492
2758	5.513
2759	5.558
2760	5.551
2761	5.579
2762	5.602
2763	5.477
2764	5.547
2765	5.574
2766	5.43
2767	5.533
2768	5.457
2769	5.535
2770	5.468
2771	5.463
2772	5.594
2773	5.382
2774	5.414
2775	5.522
2776	5.468
2777	5.489
2778	5.54
2779	5.56
2780	5.474
2781	5.598
2782	5.504
2783	5.646
2784	5.287
2785	5.237
2786	5.43
2787	5.519
2788	5.507
2789	5.537
2790	5.569
2791	5.474
2792	5.483
2793	5.499
2794	5.633
2795	5.556
2796	5.244
2797	5.495
2798	5.428
2799	5.538
2800	5.628
2801	5.546
2802	5.473
2803	5.541
2804	5.499
2805	5.624
2806	5.329
2807	5.435
2808	5.275
2809	5.47
2810	5.501
2811	5.474
2812	5.696
2813	5.618
2814	5.558
2815	5.498
2816	5.578
2817	5.668
2818	5.474
2819	5.459
2820	5.467
2821	5.432
2822	5.555
2823	5.548
2824	5.354
2825	5.579
2826	5.55
2827	5.413
2828	5.57
2829	5.495
2830	5.371
2831	5.491
2832	5.448
2833	5.395
2834	5.514
2835	5.544
2836	5.48
2837	5.481
2838	5.742
2839	5.551
2840	5.547
2841	5.21
2842	5.343
2843	5.535
2844	5.454
2845	5.484
2846	5.358
2847	5.579
2848	5.518
2849	5.493
2850	5.446
2851	5.383
2852	5.421
2853	5.425
2854	5.553
2855	5.472
2856	5.571
2857	5.42
2858	5.376
2859	5.638
2860	5.291
2861	5.506
2862	5.514
2863	5.51
2864	5.597
2865	5.448
2866	5.589
2867	5.599
2868	5.371
2869	5.531
2870	5.439
2871	5.702
2872	5.388
2873	5.584
2874	5.519
2875	5.288
2876	5.477
2877	5.361
2878	5.455
2879	5.463
2880	5.497
2881	5.461
2882	5.477
2883	5.467
2884	5.592
2885	5.366
2886	5.473
2887	5.413
2888	5.462
2889	5.503
2890	5.508
2891	5.464
2892	5.512
2893	5.432
2894	5.48
2895	5.527
2896	5.425
2897	5.531
2898	5.399
2899	5.394
2900	5.26
2901	5.405
2902	5.419
2903	5.54
2904	5.474
2905	5.634
2906	5.336
2907	5.713
2908	5.344
2909	5.675
2910	5.451
2911	5.594
2912	5.463
2913	5.504
2914	5.627
2915	5.445
2916	5.481
2917	5.388
2918	5.59
2919	5.869
2920	5.576
2921	5.447
2922	5.208
2923	5.5
2924	5.272
2925	5.258
2926	5.371
2927	5.463
2928	5.447
2929	5.465
2930	5.433
2931	5.625
2932	5.476
2933	5.5
2934	5.44
2935	5.503
2936	5.369
2937	5.596
2938	5.409
2939	5.545
2940	5.543
2941	5.538
2942	5.424
2943	5.589
2944	5.692
2945	5.617
2946	5.475
2947	5.428
2948	5.489
2949	5.508
2950	5.375
2951	5.406
2952	5.481
2953	5.245
2954	5.577
2955	5.371
2956	5.332
2957	5.606
2958	5.408
2959	5.544
2960	5.427
2961	5.649
2962	5.552
2963	5.46
2964	5.335
2965	5.492
2966	5.457
2967	5.439
2968	5.591
2969	5.464
2970	5.375
2971	5.421
2972	5.304
2973	5.579
2974	5.558
2975	5.493
2976	5.571
2977	5.445
2978	5.407
2979	5.535
2980	5.4
2981	5.401
2982	5.435
2983	5.42
2984	5.511
2985	5.349
2986	5.438
2987	5.448
2988	5.489
2989	5.54
2990	5.555
2991	5.441
2992	5.618
2993	5.327
2994	5.44
2995	5.364
2996	5.501
2997	5.577
2998	5.581
2999	5.523
3000	5.457
1001	7.385
1002	3.192
1003	7.506
1004	5.07
1005	3.643
1006	9.237
1007	9.096
1008	2.097
1009	5.892
1010	6.266
1011	6.67
1012	4.782
1013	4.283
1014	6.401
1015	6.882
1016	5.271
1017	6.94
1018	6.268
1019	5.884
1020	7.098
1021	7.555
1022	7.701
1023	8.062
1024	6.68
1025	5.675
1026	6.482
1027	6.904
1028	7.128
1029	6.257
1030	8.272
1031	10.48
1032	4.768
1033	7.34
1034	7.281
1035	1.947
1036	6.346
1037	7.502
1038	8.239
1039	6.163
1040	2.687
1041	8.982
1042	6.071
1043	8.408
1044	5.809
1045	6.435
1046	6.761
1047	5.2
1048	4.562
1049	7.506
1050	7.29
1051	6.287
1052	8.361
1053	7.803
1054	5.322
1055	8.682
1056	5.998
1057	7.281
1058	3.211
1059	5.319
1060	5.854
1061	4.426
1062	5.886
1063	5.848
1064	6.702
1065	8.609
1066	3.11
1067	6.607
1068	8.423
1069	6.911
1070	4.191
1071	6.834
1072	5.479
1073	6.984
1074	6.111
1075	7.086
1076	8.397
1077	7.2
1078	7.846
1079	3.626
1080	8.748
1081	9.503
1082	6.495
1083	2.59
1084	5.678
1085	5.98
1086	7.564
1087	7.585
1088	7.596
1089	7.377
1090	7.186
1091	5.288
1092	4.951
1093	6.862
1094	7.458
1095	5.491
1096	2.778
1097	5.656
1098	5.553
1099	5.966
1100	6.978
1101	5.463
1102	10.34
1103	4.29
1104	7.476
1105	4.65
1106	6.493
1107	4.923
1108	8.291
1109	3.13
1110	3.554
1111	4.863
1112	3.691
1113	4.315
1114	3.933
1115	7.039
1116	4.926
1117	6.972
1118	7.581
1119	9.73
1120	5.663
1121	8.39
1122	5.279
1123	5.999
1124	4.826
1125	5.892
1126	3.302
1127	4.538
1128	6.942
1129	6.462
1130	3.278
1131	4.607
1132	5.255
1133	5.348
1134	5.157
1135	6.851
1136	5.078
1137	3.693
1138	4.651
1139	5.333
1140	1.536
1141	3.982
1142	7.034
1143	6.85
1144	7.535
1145	5.286
1146	4.201
1147	8.289
1148	5.236
1149	6.9
1150	7.901
1151	4.15
1152	9.356
1153	5.49
1154	5.651
1155	7.999
1156	5.19
1157	8.248
1158	6.648
1159	5.67
1160	7.112
1161	6.065
1162	5.489
1163	6.187
1164	2.163
1165	5.189
1166	3.767
1167	6.714
1168	5.437
1169	4.908
1170	4.208
1171	7.743
1172	4.909
1173	7.297
1174	7.796
1175	6.198
1176	5.877
1177	6.159
1178	10.59
1179	11.3
1180	6.493
1181	5.644
1182	3.852
1183	8.008
1184	6.295
1185	8.85
1186	2.896
1187	7.505
1188	6.4
1189	5.865
1190	4.593
1191	2.93
1192	3.812
1193	8.826
1194	7.134
1195	2.183
1196	5.544
1197	8.148
1198	3.669
1199	5.958
1200	5.256
1201	6.777
1202	2.941
1203	5.438
1204	6.816
1205	6.337
1206	8.104
1207	8.147
1208	6.062
1209	5.698
1210	3.928
1211	6.525
1212	4.076
1213	8.497
1214	8.872
1215	6.198
1216	4.173
1217	3.619
1218	5.239
1219	7.326
1220	1.926
1221	8.43
1222	7.103
1223	6.031
1224	6.459
1225	4.87
1226	7.776
1227	7.036
1228	5.745
1229	5.292
1230	4.721
1231	6.258
1232	5.714
1233	5.819
1234	6.504
1235	7.254
1236	5.093
1237	2.964
1238	6.654
1239	5.601
1240	6.342
1241	6.068
1242	8.75
1243	7.253
1244	7.644
1245	4.892
1246	6.435
1247	3.747
1248	5.639
1249	6.913
1250	7.017
1251	7.88
1252	5.364
1253	5.805
1254	8.306
1255	5.883
1256	11.13
1257	5.177
1258	8.527
1259	4.223
1260	7.864
1261	3.137
1262	7.004
1263	8.814
1264	5.828
1265	9.415
1266	6.216
1267	5.079
1268	5.575
1269	6.962
1270	10.99
1271	9.645
1272	6.482
1273	10.66
1274	5.076
1275	6.927
1276	5.287
1277	3.379
1278	6.02
1279	7.906
1280	5.747
1281	8.023
1282	1.907
1283	5.692
1284	6.64
1285	4.605
1286	9.667
1287	4.749
1288	5.696
1289	4.111
1290	7.166
1291	7.717
1292	7.308
1293	6.678
1294	4.592
1295	6.69
1296	8.973
1297	4.713
1298	5.069
1299	4.898
1300	8.764
1301	5.931
1302	8.983
1303	3.922
1304	6.848
1305	1.217
1306	5.122
1307	6.095
1308	5.982
1309	7.823
1310	6.706
1311	6.537
1312	5.407
1313	7.666
1314	5.99
1315	6.921
1316	5.82
1317	4.762
1318	4.853
1319	8.517
1320	4.371
1321	4.08
1322	7.333
1323	4.317
1324	6.315
1325	5.442
1326	4.946
1327	7.834
1328	8.823
1329	5.346
1330	7.529
1331	6.74
1332	7.488
1333	6.56
1334	4.803
1335	4.862
1336	7.55
1337	4.545
1338	7.416
1339	6.603
1340	7.162
1341	2.826
1342	4.43
1343	5.417
1344	6.874
1345	4.828
1346	5.858
1347	7.49
1348	5.669
1349	2.56
1350	6.099
1351	7.062
1352	6.563
1353	5.674
1354	4.974
1355	6.416
1356	7.786
1357	4.744
1358	3.748
1359	1.453
1360	8.782
1361	6.251
1362	6.659
1363	7.798
1364	9.726
1365	4.415
1366	4.357
1367	5.17
1368	7.822
1369	5.468
1370	9.447
1371	9.572
1372	5.772
1373	5.116
1374	7.302
1375	8.587
1376	8.828
1377	5.552
1378	7.587
1379	6.064
1380	4.057
1381	8.368
1382	6.919
1383	5.681
1384	3.424
1385	4.883
1386	5.64
1387	4.099
1388	5.335
1389	2.519
1390	7.816
1391	5.741
1392	6.874
1393	2.798
1394	5.255
1395	6.286
1396	8.809
1397	5.296
1398	4.331
1399	8.009
1400	4.495
1401	6.039
1402	0.3558
1403	6.687
1404	6.324
1405	4.988
1406	3.532
1407	4.214
1408	7.573
1409	4.733
1410	8.922
1411	9.824
1412	6.295
1413	3.796
1414	4.353
1415	4.108
1416	6.844
1417	3.964
1418	8.541
1419	10.33
1420	4.384
1421	8.159
1422	1.438
1423	5.885
1424	3.442
1425	5.713
1426	9.218
1427	8.743
1428	6.18
1429	7.381
1430	5.729
1431	7.569
1432	6.557
1433	6.202
1434	7.526
1435	8.572
1436	2.675
1437	5.961
1438	1.399
1439	4.301
1440	6.004
1441	5.184
1442	4.343
1443	8.829
1444	9.23
1445	5.851
1446	5.897
1447	5.446
1448	7.857
1449	7.332
1450	5.186
1451	7.036
1452	4.536
1453	8.837
1454	6.736
1455	8.677
1456	6.204
1457	0.1601
1458	2.682
1459	5.177
1460	6.729
1461	6.231
1462	5.559
1463	10.25
1464	8.161
1465	9.074
1466	6.405
1467	7.263
1468	7.679
1469	5.892
1470	8.056
1471	9.689
1472	9.723
1473	4.04
1474	7.93
1475	7.346
1476	7.366
1477	2.866
1478	2.48
1479	9.366
1480	6.9
1481	6.25
1482	6.604
1483	8.739
1484	6.271
1485	6.141
1486	6.274
1487	6.449
1488	4.568
1489	9.317
1490	5.636
1491	4.716
1492	5.475
1493	5.828
1494	7.74
1495	5.76
1496	3.915
1497	5.859
1498	8.731
1499	6.402
1500	9.735
1501	6.01
1502	7.316
1503	3.934
1504	6.965
1505	2.796
1506	7.742
1507	9.426
1508	6.623
1509	5.049
1510	4.181
1511	3.195
1512	7.704
1513	7.706
1514	4.482
1515	6.871
1516	6.579
1517	6.272
1518	5.66
1519	8.871
1520	7.035
1521	7.644
1522	6.064
1523	7.195
1524	6.546
1525	7.35
1526	8.91
1527	6.043
1528	6.287
1529	4.919
1530	7.192
1531	9.993
1532	6.595
1533	6.543
1534	5.105
1535	9.65
1536	8.974
1537	7.765
1538	5.024
1539	1.075
1540	5.641
1541	8.029
1542	5.707
1543	6.57
1544	2.483
1545	7.049
1546	7.115
1547	5.911
1548	7.369
1549	8.731
1550	7.129
1551	6.486
1552	5.01
1553	5.233
1554	4.966
1555	7.732
1556	6.344
1557	7.146
1558	4.702
1559	7.131
1560	4.812
1561	6.349
1562	7.912
1563	0.8571
1564	7.464
1565	8.139
1566	6.412
1567	7.351
1568	8.087
1569	7.736
1570	8.584
1571	3.942
1572	6.847
1573	4.44
1574	4.362
1575	6.153
1576	8.533
1577	7.375
1578	3.172
1579	3.776
1580	6.247
1581	6.045
1582	6.979
1583	5.677
1584	7.876
1585	5.559
1586	5.384
1587	5.626
1588	7.537
1589	4.735
1590	4.434
1591	7.099
1592	8.725
1593	5.309
1594	5.099
1595	9.489
1596	6.741
1597	8.644
1598	8.026
1599	4.492
1600	7.976
1601	7.341
1602	6.377
1603	4.074
1604	8.621
1605	0.4846
1606	7.737
1607	6.347
1608	6.137
1609	7.46
1610	4.657
1611	5.752
1612	3.462
1613	9.547
1614	3.978
1615	4.644
1616	6.975
1617	3.072
1618	6.542
1619	5.761
1620	2.96
1621	6.529
1622	6.403
1623	3.322
1624	5.115
1625	6.893
1626	4.779
1627	5.248
1628	3.93
1629	4.507
1630	8.524
1631	3.551
1632	5.253
1633	4.646
1634	7.22
1635	6.298
1636	3.78
1637	5.253
1638	5.431
1639	5.666
1640	5.686
1641	6.32
1642	1.787
1643	4.375
1644	5.186
1645	9.046
1646	1.712
1647	3.733
1648	3.189
1649	7.784
1650	8.819
1651	4.662
1652	5.654
1653	3.97
1654	5.165
1655	4.406
1656	8.512
1657	6.127
1658	7.463
1659	6.469
1660	7.045
1661	7.268
1662	7.279
1663	4.461
1664	6.031
1665	6.308
1666	1.941
1667	7.062
1668	1.45
1669	6.057
1670	5.095
1671	6.043
1672	7.055
1673	4.169
1674	6.406
1675	4.56
1676	6.521
1677	4.949
1678	9.593
1679	5.477
1680	3.105
1681	5.131
1682	6.458
1683	4.288
1684	3.963
1685	5.89
1686	7.634
1687	2.699
1688	5.614
1689	8.639
1690	3.19
1691	7.476
1692	7.845
1693	5.628
1694	6.218
1695	4.921
1696	3.238
1697	9.093
1698	7.468
1699	5.3
1700	8.387
1701	9.675
1702	3.435
1703	2.923
1704	4.765
1705	6.044
1706	8.158
1707	5.498
1708	5.554
1709	7.777
1710	4.143
1711	2.669
1712	4.981
1713	7.431
1714	7.707
1715	8.149
1716	8.654
1717	4.641
1718	3.493
1719	4.211
1720	3.739
1721	9.758
1722	3.814
1723	7.24
1724	7.037
1725	6.011
1726	7.893
1727	7.187
1728	7.199
1729	6.784
1730	10.91
1731	6.459
1732	4.0
1733	6.228
1734	7.362
1735	5.215
1736	6.356
1737	5.462
1738	5.714
1739	5.806
1740	6.24
1741	5.157
1742	7.338
1743	9.041
1744	6.831
1745	7.229
1746	6.213
1747	5.487
1748	3.167
1749	0.8363
1750	6.096
1751	7.542
1752	11.56
1753	6.507
1754	5.091
1755	6.507
1756	9.285
1757	6.125
1758	7.89
1759	6.216
1760	4.895
1761	4.512
1762	9.234
1763	7.029
1764	6.992
1765	6.254
1766	8.999
1767	4.448
1768	6.158
1769	7.034
1770	3.748
1771	8.853
1772	8.676
1773	6.963
1774	7.809
1775	4.199
1776	7.302
1777	3.269
1778	3.77
1779	7.107
1780	4.392
1781	3.645
1782	6.243
1783	3.846
1784	3.966
1785	7.027
1786	4.335
1787	6.85
1788	3.31
1789	5.597
1790	6.303
1791	4.225
1792	9.374
1793	7.131
1794	7.078
1795	6.759
1796	8.464
1797	5.763
1798	6.65
1799	11.62
1800	4.253
1801	4.212
1802	5.502
1803	8.106
1804	5.314
1805	8.807
1806	4.061
1807	4.483
1808	3.821
1809	5.533
1810	5.922
1811	7.347
1812	6.896
1813	6.833
1814	6.978
1815	9.549
1816	5.689
1817	6.253
1818	3.958
1819	7.526
1820	2.742
1821	7.432
1822	5.266
1823	7.159
1824	9.482
1825	8.62
1826	7.252
1827	8.942
1828	7.866
1829	7.19
1830	6.773
1831	4.423
1832	7.43
1833	3.455
1834	3.445
1835	1.802
1836	7.103
1837	4.89
1838	12.51
1839	4.916
1840	4.06
1841	5.146
1842	7.038
1843	5.069
1844	2.09
1845	4.797
1846	5.976
1847	2.755
1848	6.911
1849	5.695
1850	2.974
1851	8.505
1852	5.061
1853	0.4443
1854	7.401
1855	2.669
1856	7.684
1857	6.7
1858	6.538
1859	6.582
1860	6.133
1861	3.812
1862	4.325
1863	8.397
1864	6.011
1865	8.133
1866	3.989
1867	6.02
1868	4.583
1869	3.595
1870	6.708
1871	5.792
1872	5.782
1873	5.392
1874	5.125
1875	9.416
1876	2.077
1877	4.519
1878	8.276
1879	2.769
1880	7.847
1881	5.588
1882	3.701
1883	5.438
1884	2.871
1885	5.796
1886	6.664
1887	7.691
1888	6.961
1889	7.236
1890	7.198
1891	3.01
1892	9.52
1893	3.18
1894	4.473
1895	6.612
1896	7.184
1897	9.561
1898	4.668
1899	7.663
1900	8.799
1901	4.72
1902	4.893
1903	6.032
1904	7.009
1905	6.022
1906	4.979
1907	5.865
1908	7.537
1909	5.795
1910	7.335
1911	4.76
1912	5.364
1913	5.644
1914	3.485
1915	4.233
1916	10.51
1917	5.742
1918	3.034
1919	8.795
1920	8.78
1921	6.062
1922	8.671
1923	9.291
1924	7.386
1925	9.321
1926	6.529
1927	4.88
1928	7.817
1929	7.167
1930	7.71
1931	5.717
1932	8.662
1933	8.461
1934	5.342
1935	7.513
1936	3.902
1937	6.03
1938	7.251
1939	8.659
1940	7.071
1941	7.087
1942	3.958
1943	6.013
1944	8.237
1945	8.031
1946	9.126
1947	4.764
1948	5.847
1949	5.132
1950	4.136
1951	6.397
1952	1.871
1953	3.981
1954	2.881
1955	8.921
1956	2.762
1957	6.099
1958	7.054
1959	6.31
1960	4.57
1961	6.138
1962	7.148
1963	4.163
1964	3.219
1965	3.953
1966	8.174
1967	6.885
1968	2.796
1969	5.843
1970	3.554
1971	6.207
1972	6.806
1973	6.038
1974	8.029
1975	6.23
1976	7.922
1977	4.68
1978	6.682
1979	6.807
1980	7.729
1981	7.526
1982	4.935
1983	6.939
1984	5.672
1985	6.145
1986	6.927
1987	5.91
1988	10.26
1989	8.455
1990	5.373
1991	6.121
1992	7.587
1993	5.338
1994	5.42
1995	9.175
1996	3.83
1997	5.34
1998	8.433
1999	3.392
2000	4.435
2001	8.951
2002	7.974
2003	6.207
2004	5.259
2005	5.375
2006	5.127
2007	5.856
2008	5.928
2009	3.306
2010	10.39
2011	4.885
2012	6.218
2013	3.188
2014	4.609
2015	5.346
2016	6.805
2017	4.692
2018	9.025
2019	7.159
2020	4.756
2021	5.913
2022	7.169
2023	7.117
2024	5.696
2025	6.713
2026	9.069
2027	4.981
2028	8.7
2029	8.876
2030	3.148
2031	-0.1125
2032	5.57
2033	6.763
2034	4.103
2035	4.824
2036	6.475
2037	5.021
2038	7.796
2039	2.767
2040	8.599
2041	6.247
2042	7.578
2043	9.68
2044	5.254
2045	9.693
2046	5.993
2047	6.304
2048	6.287
2049	8.147
2050	6.054
2051	7.404
2052	7.959
2053	2.306
2054	8.087
2055	6.213
2056	5.66
2057	4.772
2058	6.861
2059	4.001
2060	5.783
2061	4.983
2062	2.034
2063	7.444
2064	1.858
2065	6.387
2066	8.675
2067	6.389
2068	8.308
2069	8.456
2070	7.765
2071	5.002
2072	8.087
2073	3.847
2074	6.387
2075	7.55
2076	5.05
2077	3.644
2078	6.192
2079	4.78
2080	5.065
2081	4.351
2082	6.919
2083	5.011
2084	6.266
2085	7.182
2086	3.267
2087	3.482
2088	7.102
2089	2.11
2090	7.11
2091	5.908
2092	6.448
2093	4.564
2094	8.685
2095	8.521
2096	5.52
2097	3.219
2098	12.15
2099	3.94
2100	9.994
2101	8.185
2102	6.166
2103	7.543
2104	6.693
2105	7.53
2106	5.518
2107	7.712
2108	6.586
2109	2.8
2110	4.553
2111	6.87
2112	6.343
2113	4.412
2114	6.914
2115	7.744
2116	4.707
2117	2.91
2118	6.086
2119	5.998
2120	6.717
2121	7.983
2122	5.143
2123	7.014
2124	4.408
2125	8.76
2126	7.009
2127	5.024
2128	6.728
2129	6.378
2130	6.394
2131	6.272
2132	7.882
2133	3.936
2134	5.306
2135	5.932
2136	7.713
2137	5.965
2138	3.699
2139	6.507
2140	5.215
2141	3.038
2142	5.886
2143	6.578
2144	8.701
2145	9.042
2146	4.608
2147	4.402
2148	5.971
2149	9.533
2150	2.534
2151	7.499
2152	5.504
2153	6.215
2154	3.869
2155	6.978
2156	7.033
2157	8.124
2158	10.19
2159	4.843
2160	7.005
2161	7.684
2162	11.4
2163	5.263
2164	4.135
2165	4.865
2166	4.242
2167	5.677
2168	8.727
2169	8.317
2170	5.567
2171	7.145
2172	5.824
2173	6.704
2174	3.24
2175	7.175
2176	6.997
2177	5.572
2178	5.465
2179	3.296
2180	2.147
2181	5.924
2182	4.498
2183	7.256
2184	7.789
2185	6.955
2186	6.823
2187	6.307
2188	4.362
2189	6.757
2190	2.563
2191	4.779
2192	2.072
2193	7.251
2194	10.52
2195	5.724
2196	6.859
2197	6.591
2198	4.61
2199	8.693
2200	6.377
2201	6.542
2202	5.191
2203	4.923
2204	6.13
2205	4.8
2206	11.56
2207	4.389
2208	4.929
2209	10.38
2210	9.189
2211	7.251
2212	6.793
2213	5.935
2214	5.748
2215	3.811
2216	4.183
2217	7.053
2218	7.192
2219	6.693
2220	5.354
2221	7.259
2222	8.907
2223	9.259
2224	5.628
2225	8.289
2226	9.519
2227	7.142
2228	6.916
2229	9.926
2230	7.628
2231	6.572
2232	5.541
2233	8.059
2234	6.137
2235	5.557
2236	4.583
2237	6.964
2238	5.049
2239	7.07
2240	6.47
2241	7.822
2242	4.832
2243	7.809
2244	5.782
2245	6.543
2246	6.366
2247	8.401
2248	3.404
2249	9.127
2250	8.335
2251	6.793
2252	4.383
2253	5.54
2254	5.198
2255	5.243
2256	6.368
2257	6.446
2258	4.558
2259	5.343
2260	5.139
2261	2.925
2262	5.758
2263	4.847
2264	5.748
2265	5.121
2266	5.13
2267	6.212
2268	6.274
2269	3.48
2270	7.846
2271	4.744
2272	5.734
2273	6.092
2274	7.37
2275	6.209
2276	5.985
2277	-0.2087
2278	6.275
2279	7.074
2280	5.75
2281	6.502
2282	8.995
2283	2.164
2284	4.99
2285	6.55
2286	7.954
2287	5.083
2288	10.36
2289	5.842
2290	5.572
2291	5.143
2292	6.724
2293	6.795
2294	7.636
2295	6.482
2296	6.069
2297	8.786
2298	7.249
2299	2.029
2300	5.463
2301	2.842
2302	6.335
2303	7.058
2304	4.802
2305	3.886
2306	5.778
2307	6.12
2308	7.749
2309	1.856
2310	0.6077
2311	9.776
2312	5.548
2313	5.263
2314	7.858
2315	1.59
2316	5.501
2317	6.995
2318	5.975
2319	9.657
2320	3.435
2321	5.498
2322	4.704
2323	8.353
2324	7.692
2325	7.074
2326	6.801
2327	4.975
2328	3.269
2329	6.257
2330	7.264
2331	4.421
2332	5.793
2333	7.299
2334	6.215
2335	6.34
2336	5.407
2337	6.797
2338	7.994
2339	5.628
2340	5.408
2341	7.007
2342	6.444
2343	7.072
2344	5.483
2345	4.217
2346	5.96
2347	6.526
2348	4.683
2349	4.615
2350	6.719
2351	5.863
2352	0.8482
2353	6.695
2354	5.079
2355	3.473
2356	6.599
2357	7.233
2358	4.83
2359	6.604
2360	4.539
2361	8.472
2362	5.468
2363	6.108
2364	4.279
2365	6.404
2366	6.159
2367	6.341
2368	4.426
2369	9.516
2370	8.424
2371	4.904
2372	10.62
2373	5.287
2374	7.137
2375	4.16
2376	5.966
2377	5.86
2378	4.272
2379	4.999
2380	5.117
2381	8.983
2382	7.605
2383	5.414
2384	6.898
2385	5.173
2386	9.12
2387	8.286
2388	5.117
2389	2.33
2390	7.459
2391	7.629
2392	5.976
2393	4.201
2394	5.373
2395	9.16
2396	6.992
2397	8.931
2398	7.801
2399	4.668
2400	10.44
2401	6.528
2402	7.33
2403	6.114
2404	5.669
2405	7.421
2406	3.264
2407	7.472
2408	6.37
2409	1.792
2410	3.74
2411	3.61
2412	7.909
2413	5.518
2414	4.618
2415	7.471
2416	7.217
2417	5.177
2418	4.346
2419	5.614
2420	8.195
2421	7.741
2422	4.854
2423	7.995
2424	5.491
2425	8.598
2426	7.668
2427	4.092
2428	7.031
2429	5.042
2430	6.637
2431	8.394
2432	5.107
2433	4.543
2434	3.278
2435	7.761
2436	3.763
2437	7.926
2438	4.479
2439	3.095
2440	6.525
2441	7.029
2442	6.067
2443	3.828
2444	5.665
2445	6.661
2446	6.373
2447	5.777
2448	6.888
2449	5.636
2450	6.79
2451	4.74
2452	4.418
2453	4.606
2454	6.378
2455	7.016
2456	3.822
2457	5.828
2458	4.921
2459	6.977
2460	7.129
2461	6.117
2462	5.875
2463	10.41
2464	4.748
2465	5.577
2466	8.846
2467	6.248
2468	4.388
2469	2.373
2470	6.572
2471	7.432
2472	8.749
2473	8.17
2474	5.197
2475	5.195
2476	6.229
2477	5.407
2478	8.59
2479	10.13
2480	5.512
2481	6.208
2482	6.06
2483	6.95
2484	4.527
2485	8.191
2486	4.081
2487	4.66
2488	6.006
2489	7.501
2490	8.507
2491	10.51
2492	5.331
2493	8.564
2494	4.587
2495	4.972
2496	5.03
2497	7.332
2498	3.214
2499	3.82
2500	3.713
2501	4.94
2502	3.572
2503	6.165
2504	6.526
2505	7.159
2506	5.885
2507	6.801
2508	5.365
2509	4.071
2510	8.494
2511	7.595
2512	5.797
2513	3.995
2514	6.115
2515	7.794
2516	6.443
2517	8.467
2518	7.505
2519	8.999
2520	6.467
2521	9.201
2522	8.259
2523	4.118
2524	1.555
2525	6.167
2526	5.578
2527	2.948
2528	4.091
2529	7.083
2530	7.421
2531	5.703
2532	6.436
2533	9.734
2534	2.747
2535	6.484
2536	5.85
2537	9.69
2538	6.516
2539	2.94
2540	4.785
2541	4.989
2542	6.586
2543	8.522
2544	5.986
2545	7.422
2546	4.952
2547	4.551
2548	5.624
2549	8.146
2550	5.15
2551	9.966
2552	6.09
2553	6.704
2554	6.284
2555	4.166
2556	4.064
2557	8.255
2558	4.821
2559	7.648
2560	4.921
2561	5.766
2562	5.507
2563	6.614
2564	6.218
2565	6.621
2566	7.213
2567	5.061
2568	5.991
2569	8.762
2570	7.812
2571	9.931
2572	7.608
2573	4.716
2574	6.857
2575	7.001
2576	5.991
2577	8.369
2578	6.611
2579	7.144
2580	7.566
2581	10.22
2582	4.053
2583	5.784
2584	7.861
2585	4.152
2586	4.97
2587	3.82
2588	6.175
2589	5.288
2590	5.508
2591	8.066
2592	7.64
2593	7.003
2594	4.706
2595	4.719
2596	4.365
2597	9.09
2598	4.643
2599	5.969
2600	6.274
2601	6.832
2602	5.343
2603	5.268
2604	10.08
2605	6.525
2606	7.32
2607	7.542
2608	4.012
2609	4.49
2610	8.27
2611	7.791
2612	4.355
2613	8.173
2614	9.956
2615	5.536
2616	4.169
2617	7.265
2618	6.733
2619	3.993
2620	3.947
2621	9.274
2622	3.292
2623	5.963
2624	5.78
2625	8.725
2626	6.586
2627	6.398
2628	5.392
2629	7.522
2630	6.693
2631	7.089
2632	8.048
2633	4.413
2634	5.526
2635	7.946
2636	9.086
2637	7.141
2638	6.101
2639	8.19
2640	3.757
2641	7.715
2642	7.067
2643	5.512
2644	6.885
2645	3.207
2646	5.189
2647	7.08
2648	6.711
2649	5.879
2650	4.691
2651	5.464
2652	5.14
2653	5.794
2654	3.026
2655	8.986
2656	6.491
2657	4.664
2658	6.994
2659	4.985
2660	5.153
2661	5.258
2662	7.304
2663	5.902
2664	6.849
2665	8.861
2666	7.828
2667	9.371
2668	4.074
2669	7.849
2670	11.94
2671	5.409
2672	7.878
2673	6.421
2674	8.172
2675	7.723
2676	3.178
2677	5.452
2678	5.242
2679	5.555
2680	5.797
2681	8.597
2682	8.144
2683	6.677
2684	2.686
2685	7.296
2686	6.708
2687	8.132
2688	3.114
2689	6.436
2690	5.378
2691	7.054
2692	4.224
2693	6.2
2694	7.3
2695	6.36
2696	6.453
2697	5.4
2698	6.346
2699	2.546
2700	6.565
2701	8.154
2702	6.248
2703	8.616
2704	5.708
2705	5.541
2706	7.209
2707	4.23
2708	4.641
2709	7.031
2710	7.098
2711	4.058
2712	5.663
2713	5.485
2714	6.617
2715	7.352
2716	4.732
2717	7.891
2718	7.508
2719	6.794
2720	5.505
2721	7.957
2722	4.718
2723	7.276
2724	7.352
2725	7.705
2726	4.557
2727	6.142
2728	8.03
2729	5.303
2730	7.67
2731	6.152
2732	6.431
2733	1.884
2734	6.111
2735	6.532
2736	7.183
2737	5.997
2738	3.195
2739	10.27
2740	8.713
2741	6.065
2742	7.957
2743	6.569
2744	6.843
2745	6.74
2746	3.959
2747	7.83
2748	5.666
2749	6.03
2750	5.289
2751	7.068
2752	9.46
2753	7.09
2754	5.645
2755	7.02
2756	5.945
2757	8.359
2758	3.172
2759	7.458
2760	6.256
2761	6.703
2762	5.677
2763	8.365
2764	1.575
2765	6.163
2766	4.82
2767	4.736
2768	5.986
2769	1.477
2770	7.02
2771	8.181
2772	6.673
2773	7.755
2774	2.631
2775	4.356
2776	3.412
2777	7.773
2778	8.937
2779	4.735
2780	5.911
2781	6.669
2782	2.568
2783	7.769
2784	6.672
2785	5.34
2786	8.708
2787	4.658
2788	5.82
2789	7.276
2790	5.29
2791	5.832
2792	7.309
2793	7.393
2794	3.384
2795	6.812
2796	6.233
2797	5.211
2798	5.979
2799	7.98
2800	7.559
2801	7.785
2802	7.127
2803	7.04
2804	13.68
2805	7.627
2806	7.972
2807	6.288
2808	5.003
2809	5.338
2810	5.565
2811	2.13
2812	5.453
2813	3.649
2814	6.328
2815	7.641
2816	1.662
2817	6.849
2818	7.62
2819	4.459
2820	3.194
2821	7.625
2822	6.613
2823	7.046
2824	6.096
2825	4.888
2826	8.021
2827	3.588
2828	6.772
2829	1.982
2830	5.298
2831	8.001
2832	3.925
2833	5.44
2834	3.448
2835	6.014
2836	6.22
2837	8.848
2838	6.952
2839	4.329
2840	6.955
2841	3.274
2842	8.98
2843	3.726
2844	3.711
2845	6.582
2846	4.059
2847	1.93
2848	5.011
2849	5.348
2850	8.703
2851	5.501
2852	5.682
2853	4.484
2854	6.898
2855	4.621
2856	5.108
2857	6.922
2858	6.009
2859	4.848
2860	6.913
2861	6.072
2862	8.543
2863	3.813
2864	4.8
2865	7.748
2866	6.959
2867	6.187
2868	5.412
2869	5.883
2870	6.407
2871	5.693
2872	6.144
2873	8.131
2874	6.189
2875	11.64
2876	9.869
2877	4.793
2878	8.0
2879	2.292
2880	10.83
2881	6.33
2882	4.42
2883	3.591
2884	7.942
2885	5.181
2886	6.777
2887	6.983
2888	4.516
2889	8.429
2890	3.823
2891	5.8
2892	2.882
2893	6.758
2894	7.242
2895	7.453
2896	2.757
2897	5.369
2898	2.614
2899	7.493
2900	2.296
2901	5.385
2902	6.304
2903	8.338
2904	9.502
2905	7.259
2906	3.494
2907	5.842
2908	5.96
2909	4.929
2910	2.011
2911	8.074
2912	4.272
2913	5.58
2914	5.711
2915	7.425
2916	1.501
2917	7.427
2918	4.981
2919	7.944
2920	5.42
2921	5.818
2922	7.473
2923	8.259
2924	6.921
2925	6.824
2926	4.537
2927	6.162
2928	7.785
2929	2.419
2930	3.628
2931	6.926
2932	7.299
2933	7.225
2934	9.858
2935	6.899
2936	8.885
2937	5.67
2938	6.226
2939	5.827
2940	4.657
2941	6.029
2942	7.863
2943	7.118
2944	10.5
2945	3.87
2946	4.241
2947	6.358
2948	5.145
2949	6.056
2950	6.323
2951	6.129
2952	6.345
2953	1.707
2954	4.261
2955	6.739
2956	6.106
2957	9.866
2958	8.39
2959	5.728
2960	4.333
2961	7.172
2962	10.43
2963	6.356
2964	5.258
2965	6.944
2966	7.831
2967	5.99
2968	3.733
2969	5.732
2970	6.189
2971	7.106
2972	6.068
2973	5.681
2974	4.804
2975	6.54
2976	5.439
2977	3.934
2978	8.283
2979	8.007
2980	4.026
2981	6.518
2982	8.306
2983	5.812
2984	9.556
2985	8.944
2986	2.424
2987	10.78
2988	7.059
2989	6.784
2990	6.372
2991	5.189
2992	5.485
2993	3.241
2994	6.177
2995	5.521
2996	7.743
2997	7.238
2998	3.922
2999	6.902
3000	5.445
1001	34.65
1002	34.38
1003	34.02
1004	31.91
1005	34.17
1006	34.83
1007	38.85
1008	38.74
1009	35.15
1010	34.17
1011	31.12
1012	32.55
1013	33.6
1014	33.09
1015	34.0
1016	31.9
1017	33.44
1018	32.58
1019	31.45
1020	32.82
1021	33.4
1022	33.79
1023	32.61
1024	31.71
1025	32.2
1026	33.78
1027	31.77
1028	32.38
1029	31.45
1030	36.46
1031	38.12
1032	31.96
1033	32.28
1034	32.1
1035	36.58
1036	38.4
1037	31.87
1038	36.91
1039	32.63
1040	35.62
1041	38.73
1042	31.44
1043	33.62
1044	31.27
1045	33.64
1046	33.68
1047	34.14
1048	35.59
1049	31.77
1050	33.09
1051	31.31
1052	32.91
1053	34.48
1054	31.44
1055	33.55
1056	33.82
1057	32.09
1058	42.14
1059	31.35
1060	32.95
1061	33.17
1062	34.1
1063	33.5
1064	31.25
1065	35.84
1066	34.62
1067	31.18
1068	33.73
1069	31.29
1070	33.76
1071	33.84
1072	34.72
1073	34.64
1074	37.31
1075	32.76
1076	33.02
1077	32.19
1078	35.09
1079	35.38
1080	34.82
1081	34.77
1082	32.22
1083	35.98
1084	31.21
1085	31.22
1086	35.77
1087	33.35
1088	32.74
1089	32.02
1090	32.54
1091	35.8
1092	33.96
1093	32.44
1094	31.83
1095	32.15
1096	36.72
1097	38.6
1098	33.51
1099	31.66
1100	31.72
1101	36.7
1102	38.94
1103	33.74
1104	31.83
1105	34.66
1106	31.96
1107	32.82
1108	33.3
1109	35.87
1110	47.95
1111	36.29
1112	39.2
1113	38.26
1114	32.88
1115	34.67
1116	37.03
1117	33.19
1118	33.03
1119	37.84
1120	31.64
1121	33.65
1122	34.52
1123	34.82
1124	33.01
1125	31.6
1126	38.56
1127	32.16
1128	31.56
1129	32.62
1130	35.72
1131	34.91
1132	33.79
1133	31.57
1134	31.49
1135	31.72
1136	31.78
1137	36.13
1138	33.52
1139	31.73
1140	38.51
1141	34.54
1142	31.47
1143	38.11
1144	32.78
1145	34.92
1146	33.03
1147	32.57
1148	34.11
1149	34.47
1150	32.22
1151	38.13
1152	34.44
1153	32.28
1154	31.29
1155	37.08
1156	34.53
1157	32.58
1158	34.89
1159	37.26
1160	32.31
1161	31.46
1162	31.54
1163	36.67
1164	37.86
1165	32.88
1166	33.28
1167	33.23
1168	36.67
1169	33.86
1170	35.43
1171	32.72
1172	33.41
1173	32.32
1174	38.54
1175	31.19
1176	31.95
1177	40.14
1178	38.44
1179	40.19
1180	32.1
1181	32.69
1182	36.16
1183	32.42
1184	32.37
1185	33.35
1186	34.76
1187	38.65
1188	35.42
1189	39.52
1190	31.89
1191	40.68
1192	33.83
1193	36.29
1194	31.88
1195	40.7
1196	36.56
1197	32.62
1198	35.73
1199	31.65
1200	33.05
1201	34.79
1202	36.24
1203	33.12
1204	32.1
1205	33.46
1206	34.28
1207	35.31
1208	32.16
1209	32.54
1210	33.52
1211	35.65
1212	34.43
1213	35.39
1214	38.32
1215	31.09
1216	33.62
1217	33.48
1218	35.03
1219	33.32
1220	36.69
1221	32.96
1222	37.67
1223	34.29
1224	32.51
1225	33.65
1226	32.67
1227	31.81
1228	31.42
1229	32.99
1230	32.02
1231	31.2
1232	31.76
1233	34.31
1234	31.39
1235	31.53
1236	37.47
1237	36.25
1238	32.13
1239	32.31
1240	31.43
1241	31.71
1242	39.39
1243	32.07
1244	32.03
1245	34.15
1246	31.8
1247	33.45
1248	33.36
1249	31.45
1250	32.94
1251	34.8
1252	34.96
1253	31.98
1254	36.03
1255	32.24
1256	39.06
1257	31.81
1258	36.43
1259	35.68
1260	36.8
1261	34.68
1262	33.51
1263	37.3
1264	32.73
1265	35.86
1266	33.02
1267	37.53
1268	33.06
1269	32.87
1270	39.46
1271	36.74
1272	31.48
1273	41.06
1274	33.12
1275	34.94
1276	34.71
1277	44.43
1278	34.88
1279	34.75
1280	31.36
1281	33.55
1282	40.99
1283	32.22
1284	32.49
1285	33.5
1286	35.59
1287	31.73
1288	33.48
1289	36.22
1290	31.96
1291	32.02
1292	33.36
1293	34.61
1294	34.06
1295	36.83
1296	34.39
1297	32.32
1298	33.35
1299	34.57
1300	33.51
1301	32.73
1302	35.67
1303	32.87
1304	33.24
1305	40.04
1306	35.74
1307	31.51
1308	41.04
1309	33.05
1310	33.24
1311	34.03
1312	39.84
1313	32.28
1314	31.97
1315	31.8
1316	31.58
1317	36.05
1318	33.67
1319	33.59
1320	32.46
1321	34.94
1322	38.77
1323	32.39
1324	33.8
1325	31.43
1326	36.73
1327	32.3
1328	33.82
1329	31.39
1330	34.78
1331	31.13
1332	32.12
1333	33.64
1334	34.35
1335	32.33
1336	31.74
1337	41.95
1338	37.35
1339	31.87
1340	44.74
1341	35.64
1342	32.33
1343	32.63
1344	32.48
1345	32.12
1346	32.43
1347	32.42
1348	31.71
1349	36.2
1350	31.21
1351	32.19
1352	37.5
1353	31.71
1354	34.02
1355	32.87
1356	36.44
1357	32.6
1358	33.73
1359	40.18
1360	36.94
1361	33.75
1362	32.22
1363	34.95
1364	39.68
1365	34.4
1366	35.91
1367	31.88
1368	44.88
1369	36.64
1370	35.73
1371	34.75
1372	31.65
1373	33.86
1374	33.54
1375	34.09
1376	34.33
1377	35.45
1378	33.59
1379	31.69
1380	39.52
1381	33.85
1382	32.95
1383	32.97
1384	33.81
1385	35.72
1386	31.33
1387	33.3
1388	33.36
1389	43.21
1390	32.2
1391	32.96
1392	31.29
1393	36.11
1394	35.49
1395	33.31
1396	36.48
1397	33.89
1398	32.56
1399	33.92
1400	35.15
1401	35.02
1402	41.28
1403	32.52
1404	31.41
1405	33.37
1406	34.22
1407	35.51
1408	41.22
1409	33.77
1410	33.59
1411	35.73
1412	31.69
1413	33.07
1414	34.19
1415	37.06
1416	31.46
1417	38.8
1418	33.35
1419	39.17
1420	32.21
1421	34.54
1422	38.5
1423	37.11
1424	34.14
1425	33.95
1426	34.36
1427	35.71
1428	35.16
1429	31.82
1430	36.21
1431	32.06
1432	35.08
1433	39.27
1434	34.33
1435	40.49
1436	35.01
1437	31.15
1438	43.45
1439	34.49
1440	31.42
1441	31.76
1442	32.58
1443	33.38
1444	40.0
1445	32.82
1446	32.64
1447	31.28
1448	37.88
1449	32.6
1450	31.76
1451	31.76
1452	39.05
1453	34.45
1454	31.79
1455	33.84
1456	32.16
1457	42.13
1458	35.09
1459	33.97
1460	31.57
1461	33.23
1462	34.34
1463	38.65
1464	33.95
1465	33.88
1466	31.72
1467	37.89
1468	36.99
1469	32.42
1470	33.09
1471	36.35
1472	35.67
1473	33.9
1474	32.72
1475	31.57
1476	33.53
1477	42.15
1478	38.58
1479	34.5
1480	34.96
1481	33.19
1482	31.23
1483	33.33
1484	32.81
1485	35.61
1486	34.62
1487	33.29
1488	32.21
1489	35.43
1490	32.2
1491	32.4
1492	35.28
1493	31.23
1494	32.2
1495	33.95
1496	33.21
1497	34.41
1498	35.2
1499	31.09
1500	36.69
1501	33.25
1502	32.23
1503	34.17
1504	39.16
1505	36.24
1506	32.18
1507	36.71
1508	35.42
1509	31.95
1510	36.01
1511	36.2
1512	36.2
1513	34.36
1514	35.24
1515	33.09
1516	31.09
1517	33.5
1518	31.49
1519	34.33
1520	31.71
1521	32.57
1522	34.1
1523	31.5
1524	31.39
1525	32.68
1526	35.66
1527	34.96
1528	32.26
1529	32.56
1530	32.43
1531	36.85
1532	32.27
1533	32.99
1534	31.65
1535	35.74
1536	36.18
1537	38.43
1538	32.9
1539	39.86
1540	31.43
1541	38.36
1542	33.46
1543	31.52
1544	39.2
1545	31.92
1546	37.88
1547	33.26
1548	32.99
1549	36.61
1550	34.93
1551	32.6
1552	33.29
1553	31.94
1554	35.34
1555	35.8
1556	31.23
1557	37.04
1558	35.8
1559	31.43
1560	35.93
1561	32.2
1562	33.81
1563	39.77
1564	32.29
1565	34.81
1566	31.59
1567	33.79
1568	32.61
1569	33.41
1570	33.22
1571	43.97
1572	33.59
1573	32.15
1574	33.43
1575	35.97
1576	34.74
1577	33.33
1578	34.29
1579	33.07
1580	36.18
1581	33.44
1582	32.03
1583	32.48
1584	33.39
1585	31.71
1586	34.63
1587	32.22
1588	33.65
1589	34.09
1590	32.73
1591	39.42
1592	34.37
1593	32.66
1594	32.23
1595	38.89
1596	31.87
1597	34.38
1598	34.82
1599	32.62
1600	33.19
1601	31.58
1602	31.17
1603	39.23
1604	33.52
1605	43.55
1606	32.59
1607	32.32
1608	34.72
1609	35.89
1610	34.84
1611	33.09
1612	33.87
1613	34.87
1614	32.81
1615	34.95
1616	32.3
1617	34.18
1618	31.39
1619	33.49
1620	36.01
1621	32.85
1622	31.41
1623	35.49
1624	53.34
1625	31.81
1626	31.89
1627	34.13
1628	33.61
1629	32.17
1630	33.14
1631	38.14
1632	31.7
1633	33.58
1634	35.6
1635	33.51
1636	33.1
1637	31.52
1638	31.82
1639	33.92
1640	34.0
1641	31.89
1642	37.36
1643	35.27
1644	33.81
1645	36.68
1646	41.8
1647	34.75
1648	34.32
1649	36.72
1650	34.13
1651	42.21
1652	36.1
1653	32.76
1654	34.24
1655	32.21
1656	36.08
1657	31.92
1658	32.54
1659	34.49
1660	31.65
1661	35.11
1662	31.43
1663	33.88
1664	32.13
1665	38.53
1666	40.43
1667	31.29
1668	38.53
1669	32.17
1670	34.6
1671	35.45
1672	37.24
1673	36.48
1674	33.75
1675	33.13
1676	31.5
1677	31.86
1678	34.85
1679	35.47
1680	36.35
1681	32.16
1682	32.7
1683	34.16
1684	35.81
1685	31.3
1686	33.23
1687	39.87
1688	32.27
1689	33.1
1690	35.02
1691	35.81
1692	32.01
1693	34.07
1694	32.26
1695	31.66
1696	33.89
1697	34.28
1698	33.18
1699	34.95
1700	33.49
1701	39.84
1702	35.08
1703	37.23
1704	32.69
1705	31.51
1706	33.44
1707	31.83
1708	31.55
1709	31.88
1710	32.7
1711	35.47
1712	34.14
1713	34.01
1714	33.31
1715	32.34
1716	37.55
1717	32.02
1718	34.95
1719	32.54
1720	38.46
1721	37.99
1722	34.79
1723	31.64
1724	32.19
1725	31.15
1726	33.11
1727	38.44
1728	32.24
1729	32.49
1730	38.76
1731	31.83
1732	39.31
1733	33.31
1734	32.97
1735	31.61
1736	33.33
1737	31.7
1738	31.1
1739	38.04
1740	32.7
1741	32.29
1742	37.94
1743	34.05
1744	31.21
1745	34.71
1746	37.18
1747	32.54
1748	34.07
1749	41.77
1750	36.48
1751	34.67
1752	39.98
1753	33.36
1754	32.49
1755	33.34
1756	34.77
1757	36.9
1758	33.79
1759	33.6
1760	32.55
1761	34.1
1762	34.16
1763	32.66
1764	38.25
1765	31.28
1766	33.88
1767	33.44
1768	31.68
1769	31.81
1770	33.32
1771	34.72
1772	37.31
1773	32.8
1774	32.75
1775	35.6
1776	32.93
1777	37.02
1778	33.42
1779	32.21
1780	32.46
1781	34.4
1782	34.48
1783	36.61
1784	32.78
1785	33.05
1786	39.23
1787	33.45
1788	34.45
1789	31.44
1790	40.97
1791	32.33
1792	35.79
1793	37.74
1794	35.58
1795	33.7
1796	37.68
1797	31.15
1798	39.09
1799	41.3
1800	34.52
1801	34.64
1802	31.88
1803	32.63
1804	32.59
1805	35.0
1806	39.08
1807	35.88
1808	33.45
1809	33.53
1810	31.65
1811	33.52
1812	31.43
1813	32.64
1814	32.37
1815	35.81
1816	34.18
1817	31.85
1818	32.84
1819	35.29
1820	39.06
1821	36.65
1822	36.82
1823	32.42
1824	35.15
1825	34.17
1826	34.94
1827	37.6
1828	32.02
1829	31.61
1830	34.08
1831	33.02
1832	32.29
1833	33.51
1834	34.4
1835	42.29
1836	36.96
1837	33.19
1838	42.63
1839	34.41
1840	33.71
1841	32.92
1842	38.31
1843	33.03
1844	38.72
1845	38.17
1846	31.67
1847	39.35
1848	31.85
1849	34.6
1850	38.49
1851	33.17
1852	36.52
1853	42.66
1854	31.9
1855	35.79
1856	33.83
1857	32.96
1858	31.32
1859	33.77
1860	32.11
1861	32.97
1862	32.66
1863	41.35
1864	32.16
1865	36.28
1866	32.66
1867	34.29
1868	40.78
1869	35.39
1870	31.57
1871	31.55
1872	32.17
1873	38.96
1874	35.91
1875	35.31
1876	36.35
1877	32.56
1878	34.07
1879	37.25
1880	35.67
1881	32.12
1882	34.46
1883	31.74
1884	35.56
1885	32.91
1886	40.74
1887	34.02
1888	36.35
1889	44.12
1890	35.93
1891	34.91
1892	35.35
1893	35.9
1894	40.86
1895	34.94
1896	31.65
1897	36.0
1898	35.31
1899	33.09
1900	33.3
1901	36.01
1902	34.88
1903	32.54
1904	36.21
1905	31.17
1906	36.11
1907	32.45
1908	33.22
1909	31.41
1910	32.37
1911	32.44
1912	32.06
1913	33.87
1914	35.92
1915	34.94
1916	38.79
1917	32.36
1918	35.9
1919	33.34
1920	34.41
1921	31.49
1922	33.93
1923	34.58
1924	35.08
1925	38.93
1926	33.66
1927	34.38
1928	33.4
1929	34.18
1930	33.31
1931	31.22
1932	33.29
1933	34.68
1934	34.59
1935	36.61
1936	33.03
1937	33.54
1938	32.96
1939	33.76
1940	31.58
1941	34.59
1942	33.75
1943	32.98
1944	34.64
1945	37.67
1946	35.79
1947	31.89
1948	33.62
1949	31.69
1950	32.7
1951	31.92
1952	36.89
1953	33.78
1954	39.3
1955	34.16
1956	36.66
1957	32.28
1958	32.88
1959	39.25
1960	34.96
1961	32.93
1962	32.9
1963	35.97
1964	44.06
1965	35.39
1966	32.77
1967	32.01
1968	35.67
1969	33.77
1970	42.33
1971	31.19
1972	31.75
1973	31.71
1974	32.26
1975	32.54
1976	34.45
1977	42.92
1978	31.82
1979	34.27
1980	38.23
1981	32.8
1982	33.03
1983	33.58
1984	40.57
1985	32.03
1986	32.04
1987	32.91
1988	36.71
1989	34.1
1990	38.97
1991	31.45
1992	31.77
1993	33.88
1994	32.12
1995	35.63
1996	32.95
1997	34.46
1998	35.74
1999	38.97
2000	32.5
2001	34.97
2002	32.62
2003	32.31
2004	31.42
2005	34.28
2006	33.5
2007	35.26
2008	37.08
2009	33.89
2010	42.09
2011	32.15
2012	32.02
2013	35.8
2014	36.55
2015	33.42
2016	33.48
2017	31.8
2018	34.93
2019	32.64
2020	33.35
2021	31.41
2022	33.86
2023	34.19
2024	35.35
2025	35.96
2026	34.46
2027	34.48
2028	39.26
2029	36.34
2030	36.02
2031	42.28
2032	31.53
2033	33.74
2034	32.6
2035	32.72
2036	32.52
2037	35.87
2038	34.97
2039	40.59
2040	35.03
2041	31.16
2042	34.69
2043	35.05
2044	31.36
2045	39.54
2046	32.45
2047	31.66
2048	33.26
2049	32.36
2050	32.09
2051	32.93
2052	33.04
2053	36.13
2054	38.57
2055	32.21
2056	31.91
2057	32.49
2058	31.76
2059	34.94
2060	44.95
2061	34.05
2062	37.09
2063	34.32
2064	38.64
2065	38.71
2066	41.31
2067	31.71
2068	33.17
2069	35.4
2070	35.9
2071	34.39
2072	32.56
2073	33.08
2074	36.64
2075	31.92
2076	32.71
2077	34.34
2078	33.47
2079	33.18
2080	32.11
2081	35.57
2082	32.56
2083	38.42
2084	37.09
2085	33.31
2086	35.23
2087	33.79
2088	33.1
2089	41.53
2090	32.15
2091	31.85
2092	31.72
2093	33.35
2094	33.47
2095	33.88
2096	31.87
2097	35.01
2098	42.62
2099	36.46
2100	39.88
2101	32.57
2102	32.08
2103	33.83
2104	32.37
2105	42.04
2106	32.17
2107	32.87
2108	31.33
2109	34.78
2110	32.98
2111	32.03
2112	31.34
2113	32.61
2114	31.78
2115	35.51
2116	34.6
2117	35.07
2118	32.07
2119	31.79
2120	32.52
2121	32.28
2122	32.01
2123	31.31
2124	35.36
2125	34.01
2126	31.39
2127	32.55
2128	34.0
2129	31.07
2130	31.66
2131	31.42
2132	34.35
2133	34.87
2134	32.39
2135	31.55
2136	32.54
2137	33.18
2138	34.92
2139	32.56
2140	31.39
2141	41.02
2142	32.12
2143	33.14
2144	35.29
2145	34.15
2146	33.04
2147	38.77
2148	34.15
2149	34.97
2150	35.59
2151	33.46
2152	34.46
2153	33.34
2154	34.73
2155	33.75
2156	32.52
2157	33.87
2158	37.17
2159	34.22
2160	33.61
2161	32.07
2162	39.34
2163	32.7
2164	34.88
2165	31.82
2166	33.76
2167	31.22
2168	33.23
2169	33.23
2170	32.02
2171	32.91
2172	32.74
2173	32.62
2174	35.56
2175	36.89
2176	31.65
2177	32.53
2178	32.11
2179	36.56
2180	36.71
2181	31.44
2182	32.26
2183	32.36
2184	33.15
2185	31.69
2186	32.61
2187	31.34
2188	37.44
2189	31.16
2190	37.65
2191	34.41
2192	42.15
2193	32.85
2194	37.18
2195	33.04
2196	32.27
2197	32.45
2198	31.96
2199	42.37
2200	31.24
2201	37.05
2202	37.18
2203	32.96
2204	32.51
2205	31.84
2206	41.22
2207	34.45
2208	32.71
2209	38.77
2210	34.04
2211	32.39
2212	31.55
2213	31.52
2214	32.38
2215	35.1
2216	32.55
2217	37.98
2218	33.01
2219	31.53
2220	31.54
2221	31.58
2222	37.25
2223	37.43
2224	35.64
2225	33.01
2226	40.8
2227	31.83
2228	31.9
2229	36.72
2230	37.27
2231	33.45
2232	33.29
2233	33.48
2234	32.95
2235	32.38
2236	33.75
2237	31.78
2238	34.58
2239	31.28
2240	31.58
2241	33.81
2242	35.82
2243	35.93
2244	32.09
2245	32.45
2246	32.62
2247	33.68
2248	38.0
2249	34.36
2250	32.7
2251	31.19
2252	33.8
2253	33.01
2254	32.01
2255	31.66
2256	31.13
2257	32.15
2258	32.87
2259	32.46
2260	32.92
2261	35.2
2262	33.2
2263	32.29
2264	31.43
2265	43.8
2266	33.9
2267	32.28
2268	32.5
2269	33.48
2270	34.25
2271	33.51
2272	31.3
2273	31.48
2274	34.18
2275	32.68
2276	31.6
2277	47.3
2278	32.3
2279	40.24
2280	32.26
2281	31.14
2282	37.87
2283	36.46
2284	32.36
2285	40.1
2286	36.96
2287	33.14
2288	38.28
2289	31.9
2290	31.96
2291	35.71
2292	32.49
2293	32.61
2294	31.82
2295	31.53
2296	31.04
2297	33.65
2298	33.83
2299	42.66
2300	32.52
2301	38.15
2302	31.38
2303	38.17
2304	31.82
2305	33.21
2306	31.75
2307	33.63
2308	32.26
2309	36.84
2310	41.14
2311	35.87
2312	31.36
2313	32.8
2314	34.62
2315	42.21
2316	32.1
2317	33.69
2318	31.69
2319	35.31
2320	34.36
2321	32.0
2322	32.86
2323	32.75
2324	32.49
2325	32.43
2326	33.6
2327	32.07
2328	33.89
2329	31.33
2330	31.63
2331	34.3
2332	31.9
2333	32.71
2334	31.68
2335	36.04
2336	31.71
2337	31.6
2338	36.62
2339	31.62
2340	35.85
2341	31.5
2342	32.94
2343	36.03
2344	38.1
2345	34.07
2346	31.88
2347	31.53
2348	33.57
2349	32.58
2350	34.16
2351	31.28
2352	41.1
2353	32.37
2354	33.53
2355	33.99
2356	32.72
2357	35.74
2358	34.01
2359	33.37
2360	41.3
2361	34.97
2362	33.9
2363	31.64
2364	37.08
2365	32.69
2366	34.92
2367	35.13
2368	33.62
2369	39.72
2370	32.85
2371	33.82
2372	39.38
2373	31.95
2374	38.59
2375	32.63
2376	33.33
2377	31.26
2378	36.91
2379	32.22
2380	35.44
2381	34.98
2382	34.22
2383	31.63
2384	31.29
2385	34.99
2386	34.13
2387	33.76
2388	31.52
2389	46.51
2390	33.86
2391	33.29
2392	31.2
2393	32.36
2394	32.74
2395	35.84
2396	31.83
2397	33.52
2398	32.21
2399	33.51
2400	39.07
2401	33.71
2402	32.91
2403	33.06
2404	32.65
2405	36.25
2406	35.25
2407	32.76
2408	33.37
2409	37.41
2410	34.81
2411	38.55
2412	33.52
2413	32.33
2414	32.81
2415	38.35
2416	32.19
2417	32.33
2418	32.48
2419	36.85
2420	38.37
2421	35.12
2422	31.77
2423	32.56
2424	31.77
2425	34.43
2426	32.08
2427	34.89
2428	34.8
2429	31.97
2430	34.13
2431	34.59
2432	31.57
2433	35.78
2434	35.4
2435	36.81
2436	36.9
2437	32.29
2438	33.41
2439	34.4
2440	31.82
2441	32.96
2442	32.54
2443	33.9
2444	32.85
2445	33.16
2446	31.6
2447	32.93
2448	31.8
2449	32.4
2450	32.63
2451	32.16
2452	33.82
2453	32.25
2454	32.23
2455	36.4
2456	33.9
2457	31.14
2458	31.98
2459	33.38
2460	36.23
2461	35.18
2462	37.1
2463	39.06
2464	33.54
2465	35.13
2466	34.81
2467	33.36
2468	38.55
2469	35.96
2470	32.67
2471	35.18
2472	34.26
2473	32.47
2474	31.76
2475	31.48
2476	31.41
2477	31.53
2478	34.33
2479	36.68
2480	31.34
2481	31.71
2482	31.14
2483	31.42
2484	35.03
2485	34.11
2486	40.86
2487	32.49
2488	35.7
2489	33.78
2490	33.26
2491	37.66
2492	32.67
2493	33.38
2494	33.76
2495	41.76
2496	31.85
2497	32.89
2498	34.07
2499	33.78
2500	35.89
2501	31.84
2502	35.94
2503	34.25
2504	31.34
2505	31.95
2506	31.6
2507	34.53
2508	33.47
2509	32.58
2510	34.22
2511	32.91
2512	32.85
2513	33.41
2514	46.98
2515	32.92
2516	31.88
2517	34.52
2518	36.19
2519	34.36
2520	32.4
2521	34.82
2522	33.76
2523	33.64
2524	39.49
2525	33.0
2526	32.93
2527	38.19
2528	36.1
2529	33.0
2530	32.17
2531	34.87
2532	32.35
2533	35.3
2534	40.78
2535	31.62
2536	31.08
2537	36.47
2538	32.74
2539	36.77
2540	32.05
2541	35.74
2542	32.2
2543	35.42
2544	31.97
2545	32.77
2546	31.6
2547	36.54
2548	35.94
2549	33.33
2550	38.79
2551	37.62
2552	33.04
2553	32.15
2554	31.32
2555	33.09
2556	32.65
2557	32.44
2558	32.64
2559	34.81
2560	32.44
2561	37.71
2562	32.27
2563	32.02
2564	31.22
2565	36.51
2566	31.92
2567	35.0
2568	33.31
2569	34.87
2570	34.85
2571	38.04
2572	38.03
2573	38.68
2574	32.19
2575	31.49
2576	34.45
2577	33.09
2578	32.02
2579	31.36
2580	37.44
2581	36.88
2582	34.19
2583	32.92
2584	32.66
2585	33.02
2586	31.7
2587	35.26
2588	33.89
2589	35.02
2590	31.94
2591	38.25
2592	41.13
2593	31.26
2594	31.99
2595	32.04
2596	33.24
2597	36.4
2598	31.98
2599	38.61
2600	39.59
2601	31.35
2602	31.69
2603	32.49
2604	36.67
2605	33.1
2606	34.65
2607	33.0
2608	33.86
2609	32.39
2610	35.58
2611	34.62
2612	38.5
2613	36.83
2614	37.03
2615	41.54
2616	32.92
2617	31.88
2618	33.34
2619	33.41
2620	33.67
2621	40.09
2622	34.21
2623	37.93
2624	32.35
2625	33.27
2626	31.66
2627	32.27
2628	31.72
2629	32.54
2630	37.09
2631	33.91
2632	32.32
2633	33.23
2634	31.98
2635	34.68
2636	34.1
2637	32.47
2638	31.31
2639	38.7
2640	33.49
2641	35.02
2642	31.41
2643	32.14
2644	32.28
2645	35.9
2646	33.18
2647	33.23
2648	31.21
2649	31.85
2650	33.6
2651	33.17
2652	32.49
2653	31.56
2654	35.39
2655	40.15
2656	32.1
2657	32.46
2658	37.02
2659	31.97
2660	31.87
2661	32.04
2662	32.16
2663	34.03
2664	31.92
2665	35.15
2666	32.89
2667	36.42
2668	32.6
2669	38.17
2670	40.53
2671	32.12
2672	34.4
2673	33.1
2674	32.79
2675	35.01
2676	38.43
2677	32.44
2678	31.97
2679	39.39
2680	31.95
2681	34.41
2682	32.74
2683	31.14
2684	36.18
2685	33.62
2686	31.72
2687	36.25
2688	35.18
2689	38.62
2690	33.18
2691	32.83
2692	34.07
2693	33.38
2694	31.61
2695	34.11
2696	32.21
2697	31.76
2698	31.23
2699	36.42
2700	33.55
2701	34.52
2702	31.45
2703	34.74
2704	32.18
2705	31.44
2706	33.27
2707	33.99
2708	34.8
2709	33.39
2710	34.83
2711	33.49
2712	31.78
2713	36.19
2714	35.25
2715	32.48
2716	32.58
2717	32.25
2718	32.33
2719	33.12
2720	31.88
2721	33.93
2722	32.39
2723	31.82
2724	31.66
2725	32.0
2726	32.16
2727	32.36
2728	32.66
2729	32.01
2730	31.88
2731	41.03
2732	31.96
2733	36.84
2734	31.49
2735	31.72
2736	31.93
2737	32.65
2738	34.88
2739	37.2
2740	34.83
2741	31.61
2742	37.68
2743	31.17
2744	32.46
2745	34.7
2746	35.84
2747	36.48
2748	31.91
2749	31.57
2750	32.11
2751	33.08
2752	36.42
2753	33.75
2754	32.71
2755	31.49
2756	32.81
2757	32.72
2758	35.39
2759	32.69
2760	32.16
2761	32.5
2762	33.37
2763	33.17
2764	38.36
2765	32.18
2766	32.95
2767	32.21
2768	32.16
2769	38.05
2770	31.34
2771	32.44
2772	33.48
2773	34.63
2774	38.21
2775	33.28
2776	33.62
2777	33.2
2778	36.31
2779	32.54
2780	31.07
2781	36.44
2782	35.96
2783	35.43
2784	36.38
2785	39.38
2786	33.56
2787	32.02
2788	34.26
2789	31.8
2790	34.2
2791	31.15
2792	31.73
2793	31.72
2794	36.5
2795	33.34
2796	38.54
2797	32.18
2798	31.88
2799	34.49
2800	35.06
2801	32.63
2802	32.73
2803	31.71
2804	46.21
2805	34.71
2806	35.52
2807	35.42
2808	38.09
2809	31.32
2810	31.21
2811	37.09
2812	37.56
2813	35.84
2814	32.19
2815	31.75
2816	38.85
2817	35.95
2818	32.3
2819	32.68
2820	35.89
2821	32.86
2822	31.76
2823	35.79
2824	33.59
2825	33.27
2826	35.15
2827	34.25
2828	32.85
2829	37.41
2830	33.37
2831	33.83
2832	33.65
2833	34.17
2834	33.69
2835	33.0
2836	31.44
2837	33.34
2838	40.0
2839	32.83
2840	31.81
2841	42.4
2842	37.68
2843	34.87
2844	33.74
2845	32.06
2846	34.79
2847	37.61
2848	37.08
2849	31.43
2850	34.84
2851	32.83
2852	31.88
2853	33.24
2854	32.82
2855	34.44
2856	33.39
2857	32.33
2858	32.83
2859	34.74
2860	36.29
2861	31.83
2862	34.04
2863	33.24
2864	35.47
2865	33.11
2866	32.84
2867	33.11
2868	33.94
2869	36.61
2870	31.38
2871	37.14
2872	32.41
2873	34.76
2874	31.23
2875	47.12
2876	35.38
2877	33.87
2878	32.27
2879	35.87
2880	37.54
2881	31.4
2882	33.23
2883	33.96
2884	35.92
2885	35.52
2886	32.08
2887	32.08
2888	32.76
2889	32.74
2890	33.93
2891	31.24
2892	34.63
2893	31.76
2894	32.0
2895	31.79
2896	35.42
2897	33.17
2898	36.04
2899	32.89
2900	42.05
2901	32.3
2902	32.06
2903	34.85
2904	37.61
2905	36.78
2906	37.78
2907	37.66
2908	33.99
2909	37.28
2910	41.34
2911	33.88
2912	33.31
2913	36.02
2914	38.44
2915	33.9
2916	37.92
2917	34.23
2918	36.6
2919	47.32
2920	32.94
2921	31.55
2922	41.74
2923	34.44
2924	38.36
2925	38.61
2926	36.02
2927	32.02
2928	32.25
2929	35.57
2930	33.6
2931	33.99
2932	33.7
2933	32.1
2934	35.59
2935	34.24
2936	36.11
2937	35.19
2938	32.76
2939	37.82
2940	32.26
2941	32.09
2942	33.11
2943	32.82
2944	41.78
2945	35.03
2946	33.73
2947	33.19
2948	31.94
2949	34.18
2950	37.12
2951	34.6
2952	35.18
2953	44.57
2954	35.51
2955	33.02
2956	38.74
2957	37.76
2958	33.74
2959	32.04
2960	33.12
2961	34.97
2962	42.03
2963	34.63
2964	34.85
2965	34.65
2966	34.65
2967	35.38
2968	34.46
2969	32.9
2970	34.82
2971	35.36
2972	39.09
2973	33.21
2974	32.6
2975	31.08
2976	32.48
2977	33.06
2978	33.72
2979	32.54
2980	33.88
2981	32.12
2982	34.5
2983	31.74
2984	34.71
2985	37.5
2986	36.11
2987	40.38
2988	31.29
2989	34.53
2990	31.72
2991	32.34
2992	33.58
2993	37.62
2994	31.55
2995	33.65
2996	31.9
2997	32.78
2998	34.53
2999	31.45
3000	36.97
1001	0.2812
1002	0.2217
1003	0.2866
1004	0.157
1005	0.2307
1006	0.1789
1007	0.3632
1008	0.3255
1009	0.1183
1010	0.3119
1011	0.1779
1012	0.154
1013	0.1515
1014	0.1283
1015	0.15
1016	0.1931
1017	0.2852
1018	0.2077
1019	0.2207
1020	0.1662
1021	0.2293
1022	0.285
1023	0.2057
1024	0.23
1025	0.148
1026	0.1443
1027	0.2066
1028	0.1445
1029	0.1648
1030	0.2423
1031	0.1993
1032	0.2059
1033	0.2414
1034	0.1514
1035	0.2336
1036	0.3644
1037	0.1768
1038	0.1289
1039	0.1544
1040	0.2527
1041	0.4043
1042	0.1763
1043	0.1894
1044	0.1653
1045	0.2904
1046	0.2723
1047	0.2614
1048	0.1828
1049	0.2035
1050	0.138
1051	0.197
1052	0.1986
1053	0.1602
1054	0.1858
1055	0.2236
1056	0.124
1057	0.1975
1058	0.3028
1059	0.194
1060	0.1786
1061	0.1816
1062	0.2681
1063	0.1252
1064	0.1858
1065	0.1776
1066	0.2404
1067	0.2001
1068	0.255
1069	0.189
1070	0.2444
1071	0.2342
1072	0.2382
1073	0.3207
1074	0.3923
1075	0.1885
1076	0.2281
1077	0.1765
1078	0.2553
1079	0.1714
1080	0.2064
1081	0.2288
1082	0.2518
1083	0.1917
1084	0.1719
1085	0.2058
1086	0.1602
1087	0.275
1088	0.161
1089	0.1566
1090	0.2546
1091	0.3334
1092	0.1918
1093	0.1392
1094	0.165
1095	0.1457
1096	0.1979
1097	0.1012
1098	0.1393
1099	0.1672
1100	0.1976
1101	0.3761
1102	0.15
1103	0.2631
1104	0.1844
1105	0.1616
1106	0.1516
1107	0.2353
1108	0.2512
1109	0.1608
1110	0.6435
1111	0.3102
1112	0.1196
1113	0.4044
1114	0.2066
1115	0.1497
1116	0.2062
1117	0.1803
1118	0.2563
1119	0.3064
1120	0.1712
1121	0.2574
1122	0.317
1123	0.1845
1124	0.1435
1125	0.1581
1126	0.1307
1127	0.1691
1128	0.2178
1129	0.2559
1130	0.2958
1131	0.1766
1132	0.126
1133	0.1912
1134	0.1885
1135	0.2217
1136	0.1903
1137	0.3029
1138	0.2691
1139	0.1573
1140	0.1861
1141	0.1574
1142	0.1965
1143	0.1003
1144	0.2491
1145	0.1648
1146	0.2429
1147	0.2068
1148	0.2946
1149	0.1186
1150	0.1992
1151	0.3669
1152	0.1862
1153	0.1465
1154	0.197
1155	0.2231
1156	0.313
1157	0.1914
1158	0.1183
1159	0.2793
1160	0.1467
1161	0.2125
1162	0.1821
1163	0.3713
1164	0.3146
1165	0.2668
1166	0.1813
1167	0.1757
1168	0.3163
1169	0.132
1170	0.1303
1171	0.1777
1172	0.2134
1173	0.1674
1174	0.2902
1175	0.1664
1176	0.1446
1177	0.4782
1178	0.3224
1179	0.2468
1180	0.195
1181	0.1346
1182	0.1604
1183	0.1821
1184	0.2547
1185	0.1947
1186	0.1853
1187	0.1153
1188	0.1996
1189	0.3847
1190	0.1924
1191	0.4494
1192	0.23
1193	0.1339
1194	0.1789
1195	0.4216
1196	0.3562
1197	0.1969
1198	0.1593
1199	0.2293
1200	0.2541
1201	0.1593
1202	0.1848
1203	0.1442
1204	0.212
1205	0.2473
1206	0.1359
1207	0.1289
1208	0.2504
1209	0.2033
1210	0.1702
1211	0.1901
1212	0.234
1213	0.3099
1214	0.263
1215	0.1883
1216	0.1467
1217	0.2308
1218	0.3208
1219	0.2766
1220	0.2195
1221	0.22
1222	0.1051
1223	0.1177
1224	0.183
1225	0.2489
1226	0.1809
1227	0.1915
1228	0.2007
1229	0.1762
1230	0.1668
1231	0.2045
1232	0.1563
1233	0.1901
1234	0.2172
1235	0.179
1236	0.3898
1237	0.2823
1238	0.1672
1239	0.1429
1240	0.2185
1241	0.1989
1242	0.3063
1243	0.1724
1244	0.1945
1245	0.1316
1246	0.2153
1247	0.2225
1248	0.2746
1249	0.18
1250	0.1757
1251	0.13
1252	0.2569
1253	0.1475
1254	0.339
1255	0.1942
1256	0.1939
1257	0.1657
1258	0.1313
1259	0.3144
1260	0.3425
1261	0.259
1262	0.2703
1263	0.266
1264	0.1357
1265	0.1525
1266	0.2681
1267	0.2992
1268	0.2326
1269	0.2636
1270	0.222
1271	0.1511
1272	0.2062
1273	0.4185
1274	0.2721
1275	0.2205
1276	0.3035
1277	0.1159
1278	0.1877
1279	0.3066
1280	0.1666
1281	0.2497
1282	0.2382
1283	0.2482
1284	0.2386
1285	0.2241
1286	0.2454
1287	0.1895
1288	0.216
1289	0.3111
1290	0.1585
1291	0.1696
1292	0.1549
1293	0.283
1294	0.1462
1295	0.1236
1296	0.2574
1297	0.2343
1298	0.1618
1299	0.1713
1300	0.192
1301	0.2545
1302	0.1509
1303	0.1922
1304	0.2282
1305	0.2339
1306	0.2853
1307	0.1639
1308	0.4967
1309	0.1536
1310	0.263
1311	0.1595
1312	0.2364
1313	0.2107
1314	0.2149
1315	0.2284
1316	0.2257
1317	0.1179
1318	0.1311
1319	0.2491
1320	0.2197
1321	0.164
1322	0.3212
1323	0.1955
1324	0.1251
1325	0.2114
1326	0.1112
1327	0.1717
1328	0.2359
1329	0.176
1330	0.2367
1331	0.1849
1332	0.2284
1333	0.1539
1334	0.1753
1335	0.153
1336	0.1835
1337	0.5208
1338	0.3926
1339	0.2361
1340	0.2208
1341	0.2732
1342	0.2138
1343	0.2582
1344	0.1386
1345	0.1609
1346	0.2588
1347	0.2282
1348	0.22
1349	0.1972
1350	0.168
1351	0.2176
1352	0.3847
1353	0.1852
1354	0.2493
1355	0.1701
1356	0.2658
1357	0.1722
1358	0.1591
1359	0.1671
1360	0.2935
1361	0.2867
1362	0.2378
1363	0.2738
1364	0.393
1365	0.2513
1366	0.31
1367	0.1812
1368	0.6117
1369	0.3698
1370	0.1799
1371	0.199
1372	0.1843
1373	0.1658
1374	0.2825
1375	0.2667
1376	0.2683
1377	0.1346
1378	0.1358
1379	0.232
1380	0.3879
1381	0.1468
1382	0.2298
1383	0.2447
1384	0.18
1385	0.2852
1386	0.1733
1387	0.1927
1388	0.2414
1389	0.52
1390	0.2008
1391	0.1715
1392	0.1731
1393	0.235
1394	0.3434
1395	0.2295
1396	0.202
1397	0.141
1398	0.2277
1399	0.1732
1400	0.3213
1401	0.1495
1402	0.2169
1403	0.1503
1404	0.1905
1405	0.228
1406	0.2256
1407	0.1999
1408	0.4511
1409	0.2314
1410	0.2145
1411	0.1785
1412	0.1501
1413	0.179
1414	0.1367
1415	0.2022
1416	0.1699
1417	0.134
1418	0.1967
1419	0.1469
1420	0.2093
1421	0.1929
1422	0.2662
1423	0.2055
1424	0.165
1425	0.296
1426	0.1752
1427	0.227
1428	0.3257
1429	0.2163
1430	0.1385
1431	0.1742
1432	0.3185
1433	0.3835
1434	0.1811
1435	0.2066
1436	0.2003
1437	0.1947
1438	0.1808
1439	0.2262
1440	0.1986
1441	0.1617
1442	0.2274
1443	0.1951
1444	0.4042
1445	0.1526
1446	0.1773
1447	0.1745
1448	0.1222
1449	0.2499
1450	0.1707
1451	0.2224
1452	0.2274
1453	0.2659
1454	0.2194
1455	0.256
1456	0.2472
1457	0.3518
1458	0.2375
1459	0.1592
1460	0.2212
1461	0.1639
1462	0.2553
1463	0.2921
1464	0.1568
1465	0.189
1466	0.1957
1467	0.2832
1468	0.2785
1469	0.2544
1470	0.2341
1471	0.2958
1472	0.2275
1473	0.2696
1474	0.2297
1475	0.177
1476	0.2195
1477	0.4955
1478	0.3669
1479	0.1869
1480	0.1361
1481	0.2236
1482	0.1876
1483	0.1816
1484	0.2545
1485	0.1393
1486	0.2693
1487	0.2817
1488	0.1955
1489	0.2149
1490	0.2468
1491	0.1913
1492	0.2963
1493	0.206
1494	0.2137
1495	0.3041
1496	0.1756
1497	0.3174
1498	0.227
1499	0.1737
1500	0.1703
1501	0.2241
1502	0.2368
1503	0.2425
1504	0.1623
1505	0.2867
1506	0.2216
1507	0.2369
1508	0.2499
1509	0.2269
1510	0.3108
1511	0.3172
1512	0.1212
1513	0.2817
1514	0.3242
1515	0.2688
1516	0.1901
1517	0.1803
1518	0.2192
1519	0.2532
1520	0.1579
1521	0.2456
1522	0.2485
1523	0.2047
1524	0.1955
1525	0.1454
1526	0.1568
1527	0.1569
1528	0.2244
1529	0.248
1530	0.2053
1531	0.2835
1532	0.2341
1533	0.1626
1534	0.1947
1535	0.2504
1536	0.3252
1537	0.4196
1538	0.2644
1539	0.2281
1540	0.2153
1541	0.2696
1542	0.2749
1543	0.1862
1544	0.3895
1545	0.2124
1546	0.1458
1547	0.2794
1548	0.2603
1549	0.3214
1550	0.3163
1551	0.2143
1552	0.1523
1553	0.1523
1554	0.3042
1555	0.1254
1556	0.2093
1557	0.1724
1558	0.3418
1559	0.1852
1560	0.3178
1561	0.1404
1562	0.2746
1563	0.2294
1564	0.151
1565	0.3018
1566	0.1949
1567	0.2755
1568	0.2284
1569	0.1795
1570	0.186
1571	0.4116
1572	0.2679
1573	0.1856
1574	0.1635
1575	0.1196
1576	0.1504
1577	0.1737
1578	0.1774
1579	0.2055
1580	0.2885
1581	0.2894
1582	0.1763
1583	0.1872
1584	0.1907
1585	0.2244
1586	0.3085
1587	0.1744
1588	0.229
1589	0.1868
1590	0.241
1591	0.4526
1592	0.1696
1593	0.2607
1594	0.1772
1595	0.2228
1596	0.2107
1597	0.2538
1598	0.236
1599	0.2243
1600	0.1742
1601	0.1829
1602	0.1685
1603	0.3444
1604	0.228
1605	0.3947
1606	0.2283
1607	0.2513
1608	0.165
1609	0.2775
1610	0.1234
1611	0.2435
1612	0.2169
1613	0.2428
1614	0.1764
1615	0.3155
1616	0.2455
1617	0.2089
1618	0.176
1619	0.1943
1620	0.1684
1621	0.1844
1622	0.2179
1623	0.203
1624	0.08293
1625	0.2323
1626	0.1819
1627	0.3046
1628	0.2573
1629	0.1794
1630	0.2025
1631	0.2839
1632	0.1594
1633	0.2335
1634	0.3328
1635	0.2722
1636	0.2013
1637	0.2101
1638	0.2276
1639	0.2183
1640	0.3017
1641	0.2094
1642	0.2264
1643	0.1422
1644	0.2847
1645	0.1315
1646	0.3475
1647	0.1466
1648	0.1804
1649	0.1204
1650	0.2355
1651	0.09422
1652	0.3188
1653	0.2142
1654	0.1396
1655	0.1876
1656	0.1263
1657	0.1446
1658	0.2384
1659	0.1647
1660	0.1859
1661	0.2882
1662	0.1905
1663	0.2252
1664	0.2477
1665	0.1594
1666	0.1396
1667	0.1858
1668	0.2836
1669	0.1403
1670	0.2821
1671	0.345
1672	0.3904
1673	0.3095
1674	0.1854
1675	0.1512
1676	0.1978
1677	0.2179
1678	0.2045
1679	0.2575
1680	0.1446
1681	0.1499
1682	0.263
1683	0.2752
1684	0.3307
1685	0.1718
1686	0.1981
1687	0.3202
1688	0.1465
1689	0.2112
1690	0.1658
1691	0.332
1692	0.1818
1693	0.2322
1694	0.1435
1695	0.2042
1696	0.2112
1697	0.24
1698	0.1863
1699	0.121
1700	0.1583
1701	0.191
1702	0.289
1703	0.2554
1704	0.2502
1705	0.1715
1706	0.251
1707	0.2188
1708	0.2175
1709	0.1875
1710	0.2216
1711	0.2474
1712	0.1328
1713	0.2385
1714	0.1402
1715	0.1939
1716	0.2922
1717	0.2105
1718	0.1523
1719	0.1717
1720	0.292
1721	0.2769
1722	0.2756
1723	0.2077
1724	0.2444
1725	0.1703
1726	0.2566
1727	0.4203
1728	0.1686
1729	0.2469
1730	0.2049
1731	0.2237
1732	0.3658
1733	0.1292
1734	0.2148
1735	0.1662
1736	0.1721
1737	0.2265
1738	0.1842
1739	0.1362
1740	0.2555
1741	0.2139
1742	0.4096
1743	0.1775
1744	0.1746
1745	0.1758
1746	0.1956
1747	0.2584
1748	0.2099
1749	0.3743
1750	0.3642
1751	0.2279
1752	0.2242
1753	0.1328
1754	0.201
1755	0.1294
1756	0.1673
1757	0.3157
1758	0.2121
1759	0.2442
1760	0.2204
1761	0.2704
1762	0.1881
1763	0.1916
1764	0.1663
1765	0.194
1766	0.2359
1767	0.2504
1768	0.2195
1769	0.1631
1770	0.1713
1771	0.218
1772	0.3563
1773	0.2548
1774	0.1557
1775	0.1858
1776	0.148
1777	0.3371
1778	0.2331
1779	0.213
1780	0.2225
1781	0.2624
1782	0.3124
1783	0.1347
1784	0.1794
1785	0.201
1786	0.2186
1787	0.2579
1788	0.1677
1789	0.1631
1790	0.3109
1791	0.1907
1792	0.2012
1793	0.3879
1794	0.286
1795	0.2483
1796	0.3805
1797	0.1731
1798	0.3552
1799	0.2409
1800	0.2219
1801	0.2963
1802	0.1796
1803	0.1866
1804	0.1904
1805	0.2437
1806	0.3988
1807	0.1172
1808	0.1723
1809	0.2897
1810	0.2298
1811	0.2335
1812	0.166
1813	0.1994
1814	0.2371
1815	0.2886
1816	0.1724
1817	0.1666
1818	0.212
1819	0.1204
1820	0.1584
1821	0.1416
1822	0.3721
1823	0.2513
1824	0.1939
1825	0.2687
1826	0.3079
1827	0.3685
1828	0.1802
1829	0.214
1830	0.2472
1831	0.1613
1832	0.202
1833	0.2103
1834	0.1582
1835	0.3088
1836	0.1749
1837	0.2666
1838	0.2456
1839	0.1825
1840	0.2415
1841	0.267
1842	0.1099
1843	0.152
1844	0.2618
1845	0.1224
1846	0.2079
1847	0.309
1848	0.2302
1849	0.3167
1850	0.1263
1851	0.2026
1852	0.3631
1853	0.2731
1854	0.202
1855	0.1941
1856	0.2802
1857	0.2131
1858	0.1679
1859	0.2951
1860	0.2261
1861	0.1924
1862	0.2133
1863	0.4947
1864	0.1728
1865	0.1429
1866	0.2038
1867	0.1183
1868	0.2662
1869	0.2198
1870	0.1617
1871	0.212
1872	0.2155
1873	0.1346
1874	0.3411
1875	0.2175
1876	0.2225
1877	0.2062
1878	0.1695
1879	0.2244
1880	0.2008
1881	0.2057
1882	0.1545
1883	0.1747
1884	0.2029
1885	0.1858
1886	0.488
1887	0.1575
1888	0.1071
1889	0.4911
1890	0.2815
1891	0.1723
1892	0.2663
1893	0.3085
1894	0.4798
1895	0.3263
1896	0.1683
1897	0.2551
1898	0.2633
1899	0.2339
1900	0.1905
1901	0.3198
1902	0.1583
1903	0.2632
1904	0.3632
1905	0.1749
1906	0.286
1907	0.2311
1908	0.2688
1909	0.203
1910	0.1519
1911	0.1694
1912	0.1484
1913	0.1256
1914	0.3117
1915	0.193
1916	0.2572
1917	0.1492
1918	0.1544
1919	0.2166
1920	0.2692
1921	0.2035
1922	0.255
1923	0.1933
1924	0.2097
1925	0.4005
1926	0.2376
1927	0.2257
1928	0.2593
1929	0.1224
1930	0.2093
1931	0.1978
1932	0.2176
1933	0.2904
1934	0.294
1935	0.2762
1936	0.1979
1937	0.1347
1938	0.2222
1939	0.2509
1940	0.1998
1941	0.3195
1942	0.1682
1943	0.1796
1944	0.2553
1945	0.1332
1946	0.2971
1947	0.1864
1948	0.1945
1949	0.2001
1950	0.2058
1951	0.1911
1952	0.2067
1953	0.2143
1954	0.1265
1955	0.1734
1956	0.3164
1957	0.1922
1958	0.2258
1959	0.1271
1960	0.123
1961	0.1619
1962	0.2593
1963	0.1875
1964	0.5641
1965	0.2045
1966	0.2128
1967	0.2321
1968	0.165
1969	0.1237
1970	0.1117
1971	0.205
1972	0.2292
1973	0.2081
1974	0.1769
1975	0.2217
1976	0.2799
1977	0.2975
1978	0.234
1979	0.2498
1980	0.3677
1981	0.2477
1982	0.1377
1983	0.1262
1984	0.167
1985	0.1529
1986	0.1614
1987	0.1923
1988	0.2178
1989	0.1486
1990	0.337
1991	0.1965
1992	0.1744
1993	0.1973
1994	0.206
1995	0.2497
1996	0.2067
1997	0.2887
1998	0.2887
1999	0.2036
2000	0.229
2001	0.198
2002	0.2261
2003	0.1558
2004	0.2041
2005	0.143
2006	0.1868
2007	0.26
2008	0.2944
2009	0.2038
2010	0.4531
2011	0.2294
2012	0.1593
2013	0.1574
2014	0.3645
2015	0.2134
2016	0.2008
2017	0.1874
2018	0.1594
2019	0.1864
2020	0.1572
2021	0.1602
2022	0.2721
2023	0.288
2024	0.1583
2025	0.1555
2026	0.2273
2027	0.1229
2028	0.2026
2029	0.1691
2030	0.1595
2031	0.2497
2032	0.1896
2033	0.1521
2034	0.181
2035	0.2387
2036	0.2614
2037	0.3443
2038	0.1774
2039	0.2286
2040	0.3006
2041	0.1924
2042	0.2741
2043	0.192
2044	0.1917
2045	0.3503
2046	0.1514
2047	0.2263
2048	0.1495
2049	0.1819
2050	0.217
2051	0.228
2052	0.2031
2053	0.259
2054	0.126
2055	0.1995
2056	0.2247
2057	0.1899
2058	0.1925
2059	0.2254
2060	0.5299
2061	0.2342
2062	0.197
2063	0.1328
2064	0.3368
2065	0.3782
2066	0.1522
2067	0.1719
2068	0.2032
2069	0.3039
2070	0.143
2071	0.1612
2072	0.2271
2073	0.2244
2074	0.2056
2075	0.208
2076	0.1407
2077	0.1662
2078	0.1241
2079	0.1455
2080	0.2203
2081	0.1615
2082	0.219
2083	0.1139
2084	0.1027
2085	0.1521
2086	0.1577
2087	0.1873
2088	0.2634
2089	0.4293
2090	0.1476
2091	0.2353
2092	0.1502
2093	0.1749
2094	0.1891
2095	0.1541
2096	0.1604
2097	0.2403
2098	0.3557
2099	0.1726
2100	0.1306
2101	0.2199
2102	0.1459
2103	0.2714
2104	0.1423
2105	0.5272
2106	0.1733
2107	0.1679
2108	0.2027
2109	0.2277
2110	0.1583
2111	0.1504
2112	0.1917
2113	0.2326
2114	0.1563
2115	0.2116
2116	0.3042
2117	0.1769
2118	0.1737
2119	0.1532
2120	0.2234
2121	0.1727
2122	0.1815
2123	0.1992
2124	0.144
2125	0.1696
2126	0.173
2127	0.2307
2128	0.227
2129	0.1839
2130	0.1886
2131	0.1852
2132	0.2148
2133	0.2114
2134	0.1645
2135	0.2228
2136	0.229
2137	0.2633
2138	0.2824
2139	0.1356
2140	0.1907
2141	0.1638
2142	0.1682
2143	0.2547
2144	0.1659
2145	0.2358
2146	0.1742
2147	0.1065
2148	0.2353
2149	0.1821
2150	0.1999
2151	0.1952
2152	0.2087
2153	0.2879
2154	0.2875
2155	0.125
2156	0.1573
2157	0.1851
2158	0.3026
2159	0.1286
2160	0.2023
2161	0.1781
2162	0.2203
2163	0.2619
2164	0.1433
2165	0.2137
2166	0.1453
2167	0.1731
2168	0.2151
2169	0.2078
2170	0.1488
2171	0.2679
2172	0.2632
2173	0.1372
2174	0.2978
2175	0.2192
2176	0.1712
2177	0.2408
2178	0.1628
2179	0.3035
2180	0.2575
2181	0.1724
2182	0.2182
2183	0.2099
2184	0.1636
2185	0.2063
2186	0.1389
2187	0.2015
2188	0.3173
2189	0.1941
2190	0.2643
2191	0.2821
2192	0.1402
2193	0.1711
2194	0.2669
2195	0.2665
2196	0.1551
2197	0.2247
2198	0.1979
2199	0.3124
2200	0.1968
2201	0.3858
2202	0.1402
2203	0.2035
2204	0.245
2205	0.1805
2206	0.3221
2207	0.2741
2208	0.1799
2209	0.3052
2210	0.1948
2211	0.2479
2212	0.158
2213	0.2238
2214	0.1523
2215	0.213
2216	0.1941
2217	0.2893
2218	0.1485
2219	0.1969
2220	0.1811
2221	0.1831
2222	0.3322
2223	0.1453
2224	0.1511
2225	0.2201
2226	0.2558
2227	0.2275
2228	0.1494
2229	0.186
2230	0.1513
2231	0.1932
2232	0.1407
2233	0.152
2234	0.146
2235	0.1436
2236	0.2829
2237	0.1808
2238	0.1282
2239	0.1878
2240	0.2267
2241	0.2533
2242	0.1735
2243	0.1877
2244	0.1844
2245	0.1365
2246	0.259
2247	0.2414
2248	0.1458
2249	0.2359
2250	0.1824
2251	0.1787
2252	0.2458
2253	0.2542
2254	0.2326
2255	0.1894
2256	0.196
2257	0.2222
2258	0.1877
2259	0.181
2260	0.2348
2261	0.1704
2262	0.2546
2263	0.1874
2264	0.1587
2265	0.4568
2266	0.1748
2267	0.2538
2268	0.2608
2269	0.2152
2270	0.2687
2271	0.2167
2272	0.187
2273	0.2147
2274	0.2633
2275	0.2625
2276	0.1554
2277	0.4634
2278	0.143
2279	0.1883
2280	0.1855
2281	0.1917
2282	0.3781
2283	0.2511
2284	0.201
2285	0.2848
2286	0.1805
2287	0.2677
2288	0.1923
2289	0.2267
2290	0.1949
2291	0.3238
2292	0.1374
2293	0.2428
2294	0.1932
2295	0.1599
2296	0.1806
2297	0.2021
2298	0.2913
2299	0.4206
2300	0.2473
2301	0.3662
2302	0.1651
2303	0.2571
2304	0.1983
2305	0.1949
2306	0.2143
2307	0.2345
2308	0.1814
2309	0.2422
2310	0.2672
2311	0.2751
2312	0.177
2313	0.2081
2314	0.1492
2315	0.4527
2316	0.2074
2317	0.1444
2318	0.1722
2319	0.2274
2320	0.1647
2321	0.2238
2322	0.1868
2323	0.2179
2324	0.1608
2325	0.154
2326	0.2069
2327	0.2027
2328	0.2143
2329	0.1689
2330	0.1911
2331	0.2961
2332	0.2239
2333	0.2449
2334	0.1494
2335	0.137
2336	0.1981
2337	0.1627
2338	0.3589
2339	0.1619
2340	0.2019
2341	0.214
2342	0.2058
2343	0.3599
2344	0.3808
2345	0.1977
2346	0.2187
2347	0.1623
2348	0.2778
2349	0.1636
2350	0.3042
2351	0.1882
2352	0.2742
2353	0.2158
2354	0.1991
2355	0.1797
2356	0.1356
2357	0.2997
2358	0.2934
2359	0.1555
2360	0.3327
2361	0.2894
2362	0.266
2363	0.1635
2364	0.372
2365	0.2631
2366	0.319
2367	0.213
2368	0.2658
2369	0.1237
2370	0.1984
2371	0.1305
2372	0.2527
2373	0.1846
2374	0.354
2375	0.1752
2376	0.2827
2377	0.209
2378	0.25
2379	0.1515
2380	0.1869
2381	0.2194
2382	0.2647
2383	0.1889
2384	0.1736
2385	0.2682
2386	0.22
2387	0.2525
2388	0.1794
2389	0.4741
2390	0.1808
2391	0.1406
2392	0.2054
2393	0.1978
2394	0.1642
2395	0.1695
2396	0.1986
2397	0.1961
2398	0.2211
2399	0.1605
2400	0.3515
2401	0.2763
2402	0.1548
2403	0.1708
2404	0.135
2405	0.2242
2406	0.2431
2407	0.2394
2408	0.1962
2409	0.1946
2410	0.2153
2411	0.114
2412	0.273
2413	0.1559
2414	0.152
2415	0.4056
2416	0.1926
2417	0.2463
2418	0.1959
2419	0.3428
2420	0.4107
2421	0.3257
2422	0.1932
2423	0.1847
2424	0.1608
2425	0.1775
2426	0.1897
2427	0.15
2428	0.2845
2429	0.1958
2430	0.275
2431	0.259
2432	0.2083
2433	0.3431
2434	0.2825
2435	0.2181
2436	0.2746
2437	0.2085
2438	0.2204
2439	0.2297
2440	0.2166
2441	0.2245
2442	0.2044
2443	0.1785
2444	0.2367
2445	0.2801
2446	0.222
2447	0.2739
2448	0.2152
2449	0.233
2450	0.1381
2451	0.1673
2452	0.2567
2453	0.1619
2454	0.1393
2455	0.1866
2456	0.2234
2457	0.195
2458	0.179
2459	0.2467
2460	0.2808
2461	0.1883
2462	0.2637
2463	0.3056
2464	0.2646
2465	0.33
2466	0.2415
2467	0.2657
2468	0.1105
2469	0.2192
2470	0.1379
2471	0.2718
2472	0.1589
2473	0.2147
2474	0.2226
2475	0.2028
2476	0.2013
2477	0.2168
2478	0.2779
2479	0.2704
2480	0.2074
2481	0.2251
2482	0.1881
2483	0.1847
2484	0.129
2485	0.201
2486	0.4293
2487	0.2332
2488	0.2067
2489	0.1488
2490	0.1658
2491	0.1866
2492	0.257
2493	0.2032
2494	0.1425
2495	0.5199
2496	0.1649
2497	0.1405
2498	0.2249
2499	0.2182
2500	0.3237
2501	0.1785
2502	0.1491
2503	0.1474
2504	0.1923
2505	0.2321
2506	0.162
2507	0.1257
2508	0.2522
2509	0.187
2510	0.2327
2511	0.2582
2512	0.2341
2513	0.1893
2514	0.1695
2515	0.1536
2516	0.2397
2517	0.1485
2518	0.1156
2519	0.24
2520	0.255
2521	0.2157
2522	0.1582
2523	0.2649
2524	0.3424
2525	0.2779
2526	0.1364
2527	0.3563
2528	0.139
2529	0.1525
2530	0.1582
2531	0.2634
2532	0.1908
2533	0.2024
2534	0.1685
2535	0.1947
2536	0.1906
2537	0.1973
2538	0.2027
2539	0.1815
2540	0.164
2541	0.1172
2542	0.1536
2543	0.1479
2544	0.2384
2545	0.1411
2546	0.1921
2547	0.365
2548	0.2807
2549	0.1487
2550	0.4312
2551	0.271
2552	0.2384
2553	0.1562
2554	0.1679
2555	0.1576
2556	0.1959
2557	0.1924
2558	0.1763
2559	0.3183
2560	0.2457
2561	0.1218
2562	0.1417
2563	0.2071
2564	0.1963
2565	0.158
2566	0.1646
2567	0.1492
2568	0.137
2569	0.1932
2570	0.311
2571	0.1478
2572	0.3458
2573	0.3651
2574	0.1947
2575	0.1646
2576	0.2967
2577	0.2075
2578	0.2237
2579	0.1952
2580	0.2018
2581	0.2473
2582	0.2625
2583	0.2007
2584	0.1545
2585	0.2413
2586	0.1968
2587	0.3105
2588	0.1229
2589	0.1522
2590	0.1481
2591	0.1783
2592	0.493
2593	0.1836
2594	0.2126
2595	0.2116
2596	0.2541
2597	0.3095
2598	0.1962
2599	0.404
2600	0.3639
2601	0.1704
2602	0.2008
2603	0.2017
2604	0.2068
2605	0.1501
2606	0.3149
2607	0.2308
2608	0.2451
2609	0.1624
2610	0.1307
2611	0.211
2612	0.4096
2613	0.3137
2614	0.2478
2615	0.08726
2616	0.1974
2617	0.162
2618	0.167
2619	0.1834
2620	0.1793
2621	0.1608
2622	0.1878
2623	0.3967
2624	0.1986
2625	0.1856
2626	0.2267
2627	0.2512
2628	0.1707
2629	0.1471
2630	0.1336
2631	0.1641
2632	0.1809
2633	0.1477
2634	0.23
2635	0.3081
2636	0.2237
2637	0.173
2638	0.1927
2639	0.1426
2640	0.1646
2641	0.1704
2642	0.184
2643	0.1561
2644	0.2123
2645	0.2929
2646	0.1792
2647	0.1579
2648	0.197
2649	0.1578
2650	0.1369
2651	0.2415
2652	0.1752
2653	0.209
2654	0.2565
2655	0.2366
2656	0.1868
2657	0.1575
2658	0.3291
2659	0.1695
2660	0.2272
2661	0.1965
2662	0.1545
2663	0.1667
2664	0.1483
2665	0.2245
2666	0.2487
2667	0.3171
2668	0.2109
2669	0.2182
2670	0.2473
2671	0.2191
2672	0.1321
2673	0.1633
2674	0.1653
2675	0.1757
2676	0.2272
2677	0.1885
2678	0.1518
2679	0.4448
2680	0.1832
2681	0.1626
2682	0.1625
2683	0.1771
2684	0.2566
2685	0.1309
2686	0.2287
2687	0.1849
2688	0.187
2689	0.1011
2690	0.2472
2691	0.1908
2692	0.1419
2693	0.1768
2694	0.1692
2695	0.2959
2696	0.2156
2697	0.1626
2698	0.1995
2699	0.2214
2700	0.2916
2701	0.1336
2702	0.1857
2703	0.1967
2704	0.2457
2705	0.1623
2706	0.1507
2707	0.2815
2708	0.1391
2709	0.2848
2710	0.1623
2711	0.154
2712	0.1747
2713	0.1129
2714	0.3162
2715	0.2264
2716	0.1969
2717	0.175
2718	0.1573
2719	0.279
2720	0.1913
2721	0.2656
2722	0.2318
2723	0.1586
2724	0.1898
2725	0.1756
2726	0.2183
2727	0.1869
2728	0.229
2729	0.2368
2730	0.181
2731	0.121
2732	0.1546
2733	0.2434
2734	0.1815
2735	0.2219
2736	0.1532
2737	0.265
2738	0.2291
2739	0.2628
2740	0.154
2741	0.1556
2742	0.3916
2743	0.1869
2744	0.2124
2745	0.3216
2746	0.1589
2747	0.3602
2748	0.1487
2749	0.1524
2750	0.2197
2751	0.2732
2752	0.3091
2753	0.295
2754	0.2632
2755	0.1848
2756	0.254
2757	0.177
2758	0.2878
2759	0.2317
2760	0.1552
2761	0.2179
2762	0.2368
2763	0.2421
2764	0.2887
2765	0.1795
2766	0.1516
2767	0.2153
2768	0.1433
2769	0.2563
2770	0.1968
2771	0.1874
2772	0.2519
2773	0.2782
2774	0.3491
2775	0.1501
2776	0.1946
2777	0.2657
2778	0.3246
2779	0.1845
2780	0.1842
2781	0.1229
2782	0.2758
2783	0.1917
2784	0.2359
2785	0.2149
2786	0.1952
2787	0.1793
2788	0.3131
2789	0.1977
2790	0.2899
2791	0.1735
2792	0.2175
2793	0.2121
2794	0.2558
2795	0.2709
2796	0.2326
2797	0.2419
2798	0.2219
2799	0.2952
2800	0.168
2801	0.2237
2802	0.1379
2803	0.1984
2804	0.2537
2805	0.1744
2806	0.242
2807	0.1138
2808	0.1844
2809	0.19
2810	0.1777
2811	0.174
2812	0.2886
2813	0.181
2814	0.2287
2815	0.1882
2816	0.3018
2817	0.2603
2818	0.2346
2819	0.2365
2820	0.1447
2821	0.2444
2822	0.1958
2823	0.1156
2824	0.1866
2825	0.1639
2826	0.3109
2827	0.1791
2828	0.1537
2829	0.297
2830	0.2254
2831	0.2809
2832	0.2523
2833	0.2856
2834	0.2229
2835	0.1373
2836	0.1559
2837	0.1973
2838	0.3172
2839	0.213
2840	0.1766
2841	0.2952
2842	0.3183
2843	0.2878
2844	0.2466
2845	0.2456
2846	0.2233
2847	0.2435
2848	0.3844
2849	0.2081
2850	0.1463
2851	0.1804
2852	0.2112
2853	0.2478
2854	0.2535
2855	0.3049
2856	0.2576
2857	0.2318
2858	0.1846
2859	0.2056
2860	0.2359
2861	0.2366
2862	0.2674
2863	0.2298
2864	0.3078
2865	0.1468
2866	0.2181
2867	0.2308
2868	0.2582
2869	0.3752
2870	0.192
2871	0.2359
2872	0.1908
2873	0.1528
2874	0.199
2875	0.1831
2876	0.2008
2877	0.2019
2878	0.1887
2879	0.2284
2880	0.2282
2881	0.2145
2882	0.2609
2883	0.2531
2884	0.3182
2885	0.308
2886	0.2438
2887	0.1786
2888	0.154
2889	0.1888
2890	0.1531
2891	0.202
2892	0.2184
2893	0.1678
2894	0.2329
2895	0.1944
2896	0.2405
2897	0.2725
2898	0.2279
2899	0.214
2900	0.2206
2901	0.177
2902	0.1612
2903	0.2961
2904	0.3532
2905	0.3296
2906	0.1636
2907	0.2252
2908	0.2274
2909	0.3012
2910	0.4385
2911	0.2254
2912	0.2569
2913	0.1079
2914	0.3916
2915	0.1312
2916	0.2721
2917	0.147
2918	0.3498
2919	0.3494
2920	0.1583
2921	0.1635
2922	0.2102
2923	0.2931
2924	0.1749
2925	0.3033
2926	0.317
2927	0.1445
2928	0.2141
2929	0.2236
2930	0.1935
2931	0.2275
2932	0.1281
2933	0.237
2934	0.2063
2935	0.3107
2936	0.2825
2937	0.1332
2938	0.2486
2939	0.4062
2940	0.1977
2941	0.2364
2942	0.1596
2943	0.2082
2944	0.2249
2945	0.2084
2946	0.1425
2947	0.2731
2948	0.1543
2949	0.1189
2950	0.3685
2951	0.3085
2952	0.1113
2953	0.4049
2954	0.3084
2955	0.1905
2956	0.124
2957	0.2955
2958	0.2336
2959	0.1574
2960	0.1648
2961	0.2306
2962	0.133
2963	0.116
2964	0.1784
2965	0.3226
2966	0.3081
2967	0.1135
2968	0.2159
2969	0.2719
2970	0.2981
2971	0.1199
2972	0.3831
2973	0.1516
2974	0.1719
2975	0.1794
2976	0.1686
2977	0.2177
2978	0.2385
2979	0.1796
2980	0.1766
2981	0.1982
2982	0.2859
2983	0.1806
2984	0.2124
2985	0.3179
2986	0.2589
2987	0.3858
2988	0.1805
2989	0.3135
2990	0.1822
2991	0.2384
2992	0.1981
2993	0.288
2994	0.1656
2995	0.2377
2996	0.18
2997	0.2242
2998	0.1678
2999	0.1744
3000	0.3855
