1001	4.817
1002	4.767
1003	4.766
1004	4.822
1005	4.697
1006	4.722
1007	4.799
1008	4.814
1009	4.769
1010	4.772
1011	4.772
1012	4.818
1013	4.759
1014	4.801
1015	4.745
1016	4.703
1017	4.76
1018	4.866
1019	4.76
1020	4.81
1021	4.791
1022	4.786
1023	4.759
1024	4.792
1025	4.735
1026	4.712
1027	4.715
1028	4.79
1029	4.774
1030	4.719
1031	4.775
1032	4.763
1033	4.831
1034	4.768
1035	4.741
1036	4.886
1037	4.774
1038	4.856
1039	4.771
1040	4.816
1041	4.771
1042	4.862
1043	4.664
1044	4.856
1045	4.871
1046	4.716
1047	4.732
1048	4.78
1049	4.817
1050	4.8
1051	4.723
1052	4.753
1053	4.77
1054	4.846
1055	4.874
1056	4.801
1057	4.791
1058	4.79
1059	4.69
1060	4.662
1061	4.743
1062	4.83
1063	4.825
1064	4.888
1065	4.76
1066	4.838
1067	4.833
1068	4.751
1069	4.776
1070	4.755
1071	4.807
1072	4.78
1073	4.825
1074	4.702
1075	4.761
1076	4.749
1077	4.715
1078	4.828
1079	4.705
1080	4.814
1081	4.821
1082	4.747
1083	4.768
1084	4.731
1085	4.833
1086	4.844
1087	4.82
1088	4.768
1089	4.783
1090	4.791
1091	4.638
1092	4.864
1093	4.777
1094	4.816
1095	4.763
1096	4.73
1097	4.791
1098	4.769
1099	4.659
1100	4.85
1101	4.742
1102	4.798
1103	4.817
1104	4.708
1105	4.797
1106	4.753
1107	4.861
1108	4.737
1109	4.751
1110	4.797
1111	4.759
1112	4.778
1113	4.845
1114	4.667
1115	4.779
1116	4.811
1117	4.817
1118	4.823
1119	4.852
1120	4.704
1121	4.79
1122	4.718
1123	4.706
1124	4.699
1125	4.887
1126	4.729
1127	4.708
1128	4.83
1129	4.788
1130	4.75
1131	4.816
1132	4.614
1133	4.762
1134	4.824
1135	4.855
1136	4.749
1137	4.775
1138	4.793
1139	4.71
1140	4.831
1141	4.803
1142	4.683
1143	4.791
1144	4.646
1145	4.753
1146	4.814
1147	4.764
1148	4.862
1149	4.813
1150	4.831
1151	4.797
1152	4.745
1153	4.794
1154	4.78
1155	4.918
1156	4.817
1157	4.769
1158	4.762
1159	4.743
1160	4.796
1161	4.716
1162	4.818
1163	4.785
1164	4.753
1165	4.771
1166	4.892
1167	4.637
1168	4.677
1169	4.692
1170	4.882
1171	4.793
1172	4.75
1173	4.714
1174	4.794
1175	4.799
1176	4.756
1177	4.825
1178	4.82
1179	4.741
1180	4.808
1181	4.738
1182	4.657
1183	4.78
1184	4.706
1185	4.804
1186	4.801
1187	4.722
1188	4.789
1189	4.811
1190	4.804
1191	4.86
1192	4.785
1193	4.781
1194	4.633
1195	4.846
1196	4.788
1197	4.777
1198	4.947
1199	4.862
1200	4.808
1201	4.766
1202	4.822
1203	4.799
1204	4.797
1205	4.72
1206	4.753
1207	4.75
1208	4.865
1209	4.702
1210	4.842
1211	4.774
1212	4.777
1213	4.725
1214	4.714
1215	4.862
1216	4.837
1217	4.772
1218	4.737
1219	4.838
1220	4.738
1221	4.739
1222	4.817
1223	4.755
1224	4.761
1225	4.73
1226	4.783
1227	4.803
1228	4.841
1229	4.843
1230	4.818
1231	4.847
1232	4.766
1233	4.807
1234	4.782
1235	4.67
1236	4.802
1237	4.684
1238	4.767
1239	4.814
1240	4.766
1241	4.784
1242	4.759
1243	4.759
1244	4.796
1245	4.801
1246	4.838
1247	4.81
1248	4.747
1249	4.737
1250	4.784
1251	4.644
1252	4.75
1253	4.806
1254	4.812
1255	4.819
1256	4.689
1257	4.849
1258	4.788
1259	4.792
1260	4.793
1261	4.739
1262	4.831
1263	4.778
1264	4.911
1265	4.768
1266	4.818
1267	4.811
1268	4.85
1269	4.733
1270	4.703
1271	4.834
1272	4.733
1273	4.739
1274	4.644
1275	4.758
1276	4.665
1277	4.769
1278	4.798
1279	4.768
1280	4.832
1281	4.743
1282	4.709
1283	4.72
1284	4.725
1285	4.866
1286	4.782
1287	4.747
1288	4.737
1289	4.755
1290	4.711
1291	4.792
1292	4.677
1293	4.822
1294	4.848
1295	4.709
1296	4.756
1297	4.76
1298	4.848
1299	4.783
1300	4.869
1301	4.797
1302	4.721
1303	4.722
1304	4.758
1305	4.833
1306	4.709
1307	4.841
1308	4.823
1309	4.785
1310	4.698
1311	4.807
1312	4.763
1313	4.739
1314	4.723
1315	4.795
1316	4.75
1317	4.795
1318	4.794
1319	4.732
1320	4.837
1321	4.864
1322	4.686
1323	4.875
1324	4.791
1325	4.699
1326	4.813
1327	4.774
1328	4.77
1329	4.735
1330	4.777
1331	4.795
1332	4.731
1333	4.624
1334	4.788
1335	4.676
1336	4.821
1337	4.824
1338	4.84
1339	4.775
1340	4.809
1341	4.766
1342	4.681
1343	4.769
1344	4.769
1345	4.674
1346	4.857
1347	4.768
1348	4.749
1349	4.851
1350	4.763
1351	4.782
1352	4.769
1353	4.752
1354	4.775
1355	4.689
1356	4.81
1357	4.816
1358	4.75
1359	4.708
1360	4.737
1361	4.813
1362	4.82
1363	4.731
1364	4.792
1365	4.842
1366	4.743
1367	4.729
1368	4.806
1369	4.807
1370	4.813
1371	4.874
1372	4.818
1373	4.865
1374	4.812
1375	4.736
1376	4.761
1377	4.856
1378	4.885
1379	4.803
1380	4.827
1381	4.76
1382	4.832
1383	4.758
1384	4.906
1385	4.842
1386	4.806
1387	4.732
1388	4.72
1389	4.812
1390	4.834
1391	4.778
1392	4.744
1393	4.727
1394	4.903
1395	4.824
1396	4.863
1397	4.713
1398	4.796
1399	4.684
1400	4.758
1401	4.82
1402	4.85
1403	4.876
1404	4.828
1405	4.798
1406	4.809
1407	4.795
1408	4.761
1409	4.781
1410	4.695
1411	4.76
1412	4.751
1413	4.753
1414	4.778
1415	4.857
1416	4.748
1417	4.724
1418	4.673
1419	4.761
1420	4.741
1421	4.834
1422	4.812
1423	4.877
1424	4.817
1425	4.72
1426	4.756
1427	4.851
1428	4.76
1429	4.738
1430	4.806
1431	4.742
1432	4.824
1433	4.838
1434	4.824
1435	4.788
1436	4.83
1437	4.774
1438	4.922
1439	4.751
1440	4.689
1441	4.803
1442	4.845
1443	4.751
1444	4.776
1445	4.817
1446	4.739
1447	4.863
1448	4.829
1449	4.755
1450	4.81
1451	4.833
1452	4.755
1453	4.857
1454	4.671
1455	4.769
1456	4.867
1457	4.738
1458	4.74
1459	4.815
1460	4.763
1461	4.748
1462	4.825
1463	4.785
1464	4.747
1465	4.736
1466	4.759
1467	4.819
1468	4.775
1469	4.832
1470	4.735
1471	4.72
1472	4.904
1473	4.818
1474	4.783
1475	4.847
1476	4.754
1477	4.74
1478	4.78
1479	4.799
1480	4.757
1481	4.787
1482	4.689
1483	4.727
1484	4.675
1485	4.791
1486	4.777
1487	4.754
1488	4.742
1489	4.839
1490	4.792
1491	4.795
1492	4.764
1493	4.848
1494	4.797
1495	4.82
1496	4.728
1497	4.738
1498	4.789
1499	4.731
1500	4.9
1501	4.737
1502	4.769
1503	4.807
1504	4.638
1505	4.804
1506	4.816
1507	4.83
1508	4.763
1509	4.956
1510	4.779
1511	4.746
1512	4.85
1513	4.794
1514	4.736
1515	4.796
1516	4.725
1517	4.931
1518	4.718
1519	4.772
1520	4.767
1521	4.872
1522	4.679
1523	4.767
1524	4.814
1525	4.831
1526	4.707
1527	4.782
1528	4.73
1529	4.761
1530	4.802
1531	4.734
1532	4.797
1533	4.784
1534	4.793
1535	4.76
1536	4.755
1537	4.91
1538	4.758
1539	4.769
1540	4.814
1541	4.81
1542	4.875
1543	4.813
1544	4.68
1545	4.765
1546	4.81
1547	4.786
1548	4.812
1549	4.832
1550	4.764
1551	4.747
1552	4.724
1553	4.779
1554	4.84
1555	4.737
1556	4.844
1557	4.729
1558	4.867
1559	4.834
1560	4.857
1561	4.749
1562	4.787
1563	4.856
1564	4.746
1565	4.793
1566	4.631
1567	4.822
1568	4.792
1569	4.751
1570	4.727
1571	4.745
1572	4.801
1573	4.749
1574	4.784
1575	4.857
1576	4.72
1577	4.704
1578	4.885
1579	4.817
1580	4.792
1581	4.765
1582	4.748
1583	4.694
1584	4.731
1585	4.84
1586	4.74
1587	4.798
1588	4.658
1589	4.683
1590	4.753
1591	4.889
1592	4.787
1593	4.691
1594	4.774
1595	4.759
1596	4.707
1597	4.747
1598	4.809
1599	4.691
1600	4.827
1601	4.805
1602	4.712
1603	4.824
1604	4.774
1605	4.749
1606	4.797
1607	4.797
1608	4.759
1609	4.815
1610	4.708
1611	4.771
1612	4.724
1613	4.889
1614	4.79
1615	4.691
1616	4.765
1617	4.799
1618	4.716
1619	4.765
1620	4.747
1621	4.825
1622	4.775
1623	4.74
1624	4.828
1625	4.695
1626	4.843
1627	4.749
1628	4.735
1629	4.721
1630	4.744
1631	4.874
1632	4.877
1633	4.756
1634	4.885
1635	4.781
1636	4.922
1637	4.785
1638	4.863
1639	4.76
1640	4.73
1641	4.854
1642	4.718
1643	4.715
1644	4.713
1645	4.834
1646	4.735
1647	4.771
1648	4.712
1649	4.756
1650	4.68
1651	4.695
1652	4.792
1653	4.861
1654	4.857
1655	4.77
1656	4.751
1657	4.778
1658	4.848
1659	4.871
1660	4.756
1661	4.826
1662	4.697
1663	4.746
1664	4.782
1665	4.831
1666	4.846
1667	4.86
1668	4.706
1669	4.818
1670	4.8
1671	4.717
1672	4.828
1673	4.835
1674	4.801
1675	4.754
1676	4.762
1677	4.789
1678	4.797
1679	4.771
1680	4.777
1681	4.849
1682	4.683
1683	4.738
1684	4.783
1685	4.785
1686	4.776
1687	4.865
1688	4.796
1689	4.811
1690	4.676
1691	4.701
1692	4.77
1693	4.703
1694	4.76
1695	4.802
1696	4.715
1697	4.696
1698	4.789
1699	4.881
1700	4.772
1701	4.931
1702	4.821
1703	4.772
1704	4.741
1705	4.818
1706	4.753
1707	4.723
1708	4.834
1709	4.695
1710	4.89
1711	4.875
1712	4.722
1713	4.745
1714	4.811
1715	4.761
1716	4.827
1717	4.756
1718	4.698
1719	4.74
1720	4.745
1721	4.784
1722	4.814
1723	4.714
1724	4.766
1725	4.848
1726	4.778
1727	4.757
1728	4.82
1729	4.857
1730	4.82
1731	4.828
1732	4.693
1733	4.681
1734	4.795
1735	4.834
1736	4.742
1737	4.832
1738	4.792
1739	4.806
1740	4.68
1741	4.794
1742	4.738
1743	4.792
1744	4.823
1745	4.773
1746	4.705
1747	4.759
1748	4.82
1749	4.773
1750	4.787
1751	4.879
1752	4.725
1753	4.816
1754	4.815
1755	4.843
1756	4.746
1757	4.846
1758	4.765
1759	4.759
1760	4.762
1761	4.841
1762	4.828
1763	4.723
1764	4.787
1765	4.678
1766	4.75
1767	4.882
1768	4.798
1769	4.829
1770	4.906
1771	4.742
1772	4.766
1773	4.751
1774	4.796
1775	4.798
1776	4.753
1777	4.759
1778	4.767
1779	4.801
1780	4.802
1781	4.847
1782	4.822
1783	4.683
1784	4.79
1785	4.754
1786	4.815
1787	4.813
1788	4.758
1789	4.718
1790	4.747
1791	4.727
1792	4.744
1793	4.812
1794	4.692
1795	4.838
1796	4.817
1797	4.826
1798	4.729
1799	4.804
1800	4.751
1801	4.817
1802	4.788
1803	4.852
1804	4.796
1805	4.783
1806	4.776
1807	4.847
1808	4.817
1809	4.696
1810	4.908
1811	4.729
1812	4.783
1813	4.674
1814	4.781
1815	4.809
1816	4.756
1817	4.719
1818	4.744
1819	4.892
1820	4.77
1821	4.772
1822	4.77
1823	4.825
1824	4.863
1825	4.758
1826	4.831
1827	4.767
1828	4.7
1829	4.809
1830	4.876
1831	4.804
1832	4.633
1833	4.798
1834	4.775
1835	4.783
1836	4.879
1837	4.821
1838	4.78
1839	4.78
1840	4.68
1841	4.581
1842	4.817
1843	4.741
1844	4.815
1845	4.791
1846	4.836
1847	4.789
1848	4.778
1849	4.752
1850	4.775
1851	4.872
1852	4.75
1853	4.722
1854	4.806
1855	4.76
1856	4.74
1857	4.77
1858	4.759
1859	4.89
1860	4.899
1861	4.756
1862	4.732
1863	4.81
1864	4.786
1865	4.838
1866	4.779
1867	4.74
1868	4.835
1869	4.772
1870	4.844
1871	4.765
1872	4.833
1873	4.739
1874	4.828
1875	4.705
1876	4.75
1877	4.733
1878	4.782
1879	4.786
1880	4.758
1881	4.868
1882	4.81
1883	4.813
1884	4.713
1885	4.81
1886	4.81
1887	4.772
1888	4.829
1889	4.78
1890	4.746
1891	4.725
1892	4.745
1893	4.749
1894	4.82
1895	4.815
1896	4.831
1897	4.848
1898	4.785
1899	4.796
1900	4.799
1901	4.752
1902	4.82
1903	4.8
1904	4.827
1905	4.759
1906	4.745
1907	4.718
1908	4.746
1909	4.726
1910	4.735
1911	4.766
1912	4.772
1913	4.826
1914	4.71
1915	4.712
1916	4.73
1917	4.804
1918	4.815
1919	4.765
1920	4.726
1921	4.743
1922	4.762
1923	4.748
1924	4.666
1925	4.838
1926	4.759
1927	4.889
1928	4.739
1929	4.757
1930	4.792
1931	4.781
1932	4.822
1933	4.836
1934	4.744
1935	4.743
1936	4.714
1937	4.747
1938	4.743
1939	4.763
1940	4.753
1941	4.877
1942	4.722
1943	4.698
1944	4.764
1945	4.765
1946	4.695
1947	4.822
1948	4.671
1949	4.794
1950	4.855
1951	4.759
1952	4.796
1953	4.718
1954	4.754
1955	4.768
1956	4.785
1957	4.818
1958	4.806
1959	4.715
1960	4.725
1961	4.745
1962	4.704
1963	4.795
1964	4.828
1965	4.743
1966	4.711
1967	4.771
1968	4.71
1969	4.718
1970	4.742
1971	4.861
1972	4.621
1973	4.795
1974	4.825
1975	4.755
1976	4.892
1977	4.861
1978	4.836
1979	4.834
1980	4.86
1981	4.808
1982	4.687
1983	4.711
1984	4.715
1985	4.73
1986	4.826
1987	4.852
1988	4.886
1989	4.828
1990	4.797
1991	4.789
1992	4.709
1993	4.697
1994	4.839
1995	4.772
1996	4.748
1997	4.785
1998	4.774
1999	4.741
2000	4.7
2001	4.842
2002	4.788
2003	4.766
2004	4.779
2005	4.804
2006	4.824
2007	4.827
2008	4.721
2009	4.803
2010	4.755
2011	4.728
2012	4.811
2013	4.769
2014	4.78
2015	4.79
2016	4.843
2017	4.671
2018	4.682
2019	4.72
2020	4.732
2021	4.84
2022	4.698
2023	4.817
2024	4.815
2025	4.743
2026	4.773
2027	4.693
2028	4.755
2029	4.816
2030	4.718
2031	4.784
2032	4.823
2033	4.827
2034	4.841
2035	4.742
2036	4.904
2037	4.787
2038	4.751
2039	4.798
2040	4.746
2041	4.735
2042	4.689
2043	4.698
2044	4.719
2045	4.735
2046	4.721
2047	4.749
2048	4.818
2049	4.735
2050	4.774
2051	4.693
2052	4.804
2053	4.802
2054	4.796
2055	4.756
2056	4.711
2057	4.796
2058	4.76
2059	4.833
2060	4.666
2061	4.861
2062	4.805
2063	4.717
2064	4.774
2065	4.856
2066	4.781
2067	4.81
2068	4.782
2069	4.777
2070	4.781
2071	4.785
2072	4.78
2073	4.887
2074	4.792
2075	4.852
2076	4.797
2077	4.688
2078	4.837
2079	4.775
2080	4.838
2081	4.757
2082	4.638
2083	4.724
2084	4.758
2085	4.63
2086	4.799
2087	4.735
2088	4.755
2089	4.664
2090	4.734
2091	4.851
2092	4.875
2093	4.794
2094	4.844
2095	4.755
2096	4.75
2097	4.744
2098	4.724
2099	4.748
2100	4.686
2101	4.871
2102	4.734
2103	4.835
2104	4.677
2105	4.819
2106	4.794
2107	4.776
2108	4.949
2109	4.782
2110	4.783
2111	4.819
2112	4.873
2113	4.86
2114	4.867
2115	4.78
2116	4.726
2117	4.742
2118	4.741
2119	4.87
2120	4.779
2121	4.78
2122	4.826
2123	4.775
2124	4.829
2125	4.767
2126	4.828
2127	4.913
2128	4.76
2129	4.712
2130	4.744
2131	4.71
2132	4.848
2133	4.733
2134	4.793
2135	4.823
2136	4.7
2137	4.845
2138	4.753
2139	4.819
2140	4.794
2141	4.819
2142	4.665
2143	4.847
2144	4.867
2145	4.771
2146	4.767
2147	4.851
2148	4.835
2149	4.778
2150	4.812
2151	4.822
2152	4.718
2153	4.742
2154	4.73
2155	4.761
2156	4.771
2157	4.72
2158	4.797
2159	4.698
2160	4.838
2161	4.804
2162	4.696
2163	4.783
2164	4.764
2165	4.741
2166	4.815
2167	4.768
2168	4.846
2169	4.797
2170	4.785
2171	4.822
2172	4.673
2173	4.694
2174	4.874
2175	4.817
2176	4.754
2177	4.741
2178	4.728
2179	4.871
2180	4.85
2181	4.778
2182	4.787
2183	4.743
2184	4.783
2185	4.793
2186	4.767
2187	4.719
2188	4.809
2189	4.788
2190	4.809
2191	4.804
2192	4.792
2193	4.629
2194	4.741
2195	4.906
2196	4.802
2197	4.753
2198	4.713
2199	4.798
2200	4.71
2201	4.761
2202	4.841
2203	4.722
2204	4.842
2205	4.761
2206	4.838
2207	4.788
2208	4.763
2209	4.728
2210	4.81
2211	4.705
2212	4.764
2213	4.715
2214	4.728
2215	4.738
2216	4.811
2217	4.781
2218	4.842
2219	4.764
2220	4.732
2221	4.758
2222	4.806
2223	4.764
2224	4.775
2225	4.702
2226	4.775
2227	4.773
2228	4.838
2229	4.768
2230	4.675
2231	4.76
2232	4.708
2233	4.839
2234	4.876
2235	4.859
2236	4.789
2237	4.861
2238	4.733
2239	4.707
2240	4.838
2241	4.782
2242	4.812
2243	4.782
2244	4.683
2245	4.838
2246	4.793
2247	4.718
2248	4.752
2249	4.79
2250	4.809
2251	4.757
2252	4.897
2253	4.786
2254	4.796
2255	4.664
2256	4.817
2257	4.778
2258	4.679
2259	4.807
2260	4.785
2261	4.733
2262	4.719
2263	4.771
2264	4.722
2265	4.852
2266	4.77
2267	4.851
2268	4.749
2269	4.763
2270	4.775
2271	4.798
2272	4.832
2273	4.745
2274	4.79
2275	4.817
2276	4.691
2277	4.799
2278	4.835
2279	4.773
2280	4.786
2281	4.918
2282	4.708
2283	4.804
2284	4.77
2285	4.762
2286	4.842
2287	4.885
2288	4.721
2289	4.881
2290	4.83
2291	4.784
2292	4.706
2293	4.732
2294	4.805
2295	4.833
2296	4.794
2297	4.771
2298	4.829
2299	4.816
2300	4.861
2301	4.847
2302	4.649
2303	4.794
2304	4.772
2305	4.738
2306	4.786
2307	4.75
2308	4.828
2309	4.745
2310	4.737
2311	4.817
2312	4.702
2313	4.8
2314	4.841
2315	4.698
2316	4.84
2317	4.733
2318	4.7
2319	4.758
2320	4.803
2321	4.77
2322	4.809
2323	4.759
2324	4.88
2325	4.802
2326	4.742
2327	4.703
2328	4.777
2329	4.807
2330	4.82
2331	4.768
2332	4.81
2333	4.812
2334	4.73
2335	4.824
2336	4.8
2337	4.781
2338	4.792
2339	4.688
2340	4.864
2341	4.682
2342	4.754
2343	4.788
2344	4.723
2345	4.657
2346	4.773
2347	4.759
2348	4.867
2349	4.831
2350	4.865
2351	4.817
2352	4.72
2353	4.802
2354	4.779
2355	4.849
2356	4.78
2357	4.816
2358	4.692
2359	4.865
2360	4.69
2361	4.779
2362	4.929
2363	4.768
2364	4.885
2365	4.763
2366	4.78
2367	4.758
2368	4.896
2369	4.84
2370	4.844
2371	4.756
2372	4.641
2373	4.804
2374	4.748
2375	4.76
2376	4.743
2377	4.84
2378	4.7
2379	4.765
2380	4.823
2381	4.79
2382	4.792
2383	4.796
2384	4.726
2385	4.749
2386	4.779
2387	4.836
2388	4.792
2389	4.781
2390	4.78
2391	4.769
2392	4.758
2393	4.835
2394	4.774
2395	4.78
2396	4.768
2397	4.744
2398	4.752
2399	4.788
2400	4.808
2401	4.771
2402	4.733
2403	4.707
2404	4.782
2405	4.773
2406	4.865
2407	4.772
2408	4.871
2409	4.721
2410	4.762
2411	4.745
2412	4.855
2413	4.873
2414	4.837
2415	4.773
2416	4.748
2417	4.777
2418	4.923
2419	4.806
2420	4.841
2421	4.798
2422	4.866
2423	4.797
2424	4.682
2425	4.746
2426	4.876
2427	4.786
2428	4.756
2429	4.76
2430	4.681
2431	4.696
2432	4.853
2433	4.73
2434	4.74
2435	4.78
2436	4.65
2437	4.867
2438	4.849
2439	4.779
2440	4.772
2441	4.824
2442	4.861
2443	4.714
2444	4.73
2445	4.836
2446	4.735
2447	4.734
2448	4.676
2449	4.848
2450	4.684
2451	4.781
2452	4.792
2453	4.897
2454	4.816
2455	4.835
2456	4.803
2457	4.833
2458	4.744
2459	4.758
2460	4.808
2461	4.794
2462	4.763
2463	4.749
2464	4.779
2465	4.707
2466	4.743
2467	4.76
2468	4.8
2469	4.806
2470	4.72
2471	4.771
2472	4.765
2473	4.701
2474	4.893
2475	4.846
2476	4.769
2477	4.75
2478	4.814
2479	4.76
2480	4.779
2481	4.834
2482	4.771
2483	4.845
2484	4.803
2485	4.694
2486	4.834
2487	4.758
2488	4.781
2489	4.688
2490	4.733
2491	4.743
2492	4.802
2493	4.751
2494	4.77
2495	4.772
2496	4.869
2497	4.646
2498	4.812
2499	4.698
2500	4.818
2501	4.842
2502	4.762
2503	4.825
2504	4.795
2505	4.879
2506	4.84
2507	4.733
2508	4.759
2509	4.837
2510	4.79
2511	4.818
2512	4.739
2513	4.749
2514	4.684
2515	4.79
2516	4.796
2517	4.777
2518	4.702
2519	4.758
2520	4.762
2521	4.699
2522	4.831
2523	4.771
2524	4.715
2525	4.887
2526	4.811
2527	4.749
2528	4.864
2529	4.822
2530	4.736
2531	4.774
2532	4.758
2533	4.73
2534	4.812
2535	4.88
2536	4.707
2537	4.813
2538	4.733
2539	4.729
2540	4.749
2541	4.796
2542	4.718
2543	4.857
2544	4.889
2545	4.767
2546	4.881
2547	4.777
2548	4.773
2549	4.717
2550	4.807
2551	4.824
2552	4.862
2553	4.792
2554	4.721
2555	4.738
2556	4.854
2557	4.671
2558	4.76
2559	4.709
2560	4.679
2561	4.805
2562	4.729
2563	4.819
2564	4.855
2565	4.723
2566	4.723
2567	4.776
2568	4.784
2569	4.781
2570	4.813
2571	4.808
2572	4.793
2573	4.804
2574	4.774
2575	4.765
2576	4.849
2577	4.714
2578	4.751
2579	4.8
2580	4.758
2581	4.738
2582	4.781
2583	4.849
2584	4.798
2585	4.804
2586	4.781
2587	4.689
2588	4.791
2589	4.851
2590	4.728
2591	4.781
2592	4.805
2593	4.844
2594	4.866
2595	4.835
2596	4.75
2597	4.752
2598	4.775
2599	4.743
2600	4.77
2601	4.679
2602	4.752
2603	4.737
2604	4.698
2605	4.693
2606	4.776
2607	4.793
2608	4.74
2609	4.698
2610	4.8
2611	4.769
2612	4.745
2613	4.785
2614	4.837
2615	4.846
2616	4.83
2617	4.875
2618	4.781
2619	4.891
2620	4.646
2621	4.689
2622	4.697
2623	4.755
2624	4.701
2625	4.808
2626	4.808
2627	4.792
2628	4.804
2629	4.733
2630	4.856
2631	4.844
2632	4.779
2633	4.796
2634	4.731
2635	4.939
2636	4.799
2637	4.76
2638	4.878
2639	4.727
2640	4.751
2641	4.72
2642	4.8
2643	4.768
2644	4.753
2645	4.816
2646	4.782
2647	4.877
2648	4.711
2649	4.828
2650	4.873
2651	4.731
2652	4.824
2653	4.862
2654	4.751
2655	4.765
2656	4.724
2657	4.733
2658	4.764
2659	4.848
2660	4.715
2661	4.676
2662	4.848
2663	4.762
2664	4.732
2665	4.821
2666	4.724
2667	4.882
2668	4.77
2669	4.728
2670	4.669
2671	4.751
2672	4.775
2673	4.726
2674	4.757
2675	4.777
2676	4.739
2677	4.757
2678	4.738
2679	4.729
2680	4.82
2681	4.83
2682	4.801
2683	4.762
2684	4.874
2685	4.722
2686	4.775
2687	4.729
2688	4.753
2689	4.641
2690	4.699
2691	4.818
2692	4.846
2693	4.766
2694	4.894
2695	4.71
2696	4.735
2697	4.736
2698	4.706
2699	4.793
2700	4.76
2701	4.763
2702	4.733
2703	4.704
2704	4.782
2705	4.746
2706	4.678
2707	4.717
2708	4.745
2709	4.802
2710	4.841
2711	4.823
2712	4.789
2713	4.816
2714	4.815
2715	4.78
2716	4.721
2717	4.82
2718	4.721
2719	4.779
2720	4.748
2721	4.744
2722	4.841
2723	4.761
2724	4.751
2725	4.722
2726	4.763
2727	4.705
2728	4.823
2729	4.881
2730	4.768
2731	4.822
2732	4.745
2733	4.872
2734	4.691
2735	4.828
2736	4.775
2737	4.726
2738	4.776
2739	4.792
2740	4.73
2741	4.904
2742	4.873
2743	4.847
2744	4.733
2745	4.813
2746	4.766
2747	4.705
2748	4.884
2749	4.761
2750	4.801
2751	4.72
2752	4.911
2753	4.836
2754	4.869
2755	4.791
2756	4.784
2757	4.823
2758	4.815
2759	4.776
2760	4.691
2761	4.701
2762	4.803
2763	4.78
2764	4.728
2765	4.849
2766	4.866
2767	4.822
2768	4.727
2769	4.833
2770	4.816
2771	4.933
2772	4.757
2773	4.958
2774	4.848
2775	4.805
2776	4.864
2777	4.73
2778	4.782
2779	4.705
2780	4.748
2781	4.816
2782	4.686
2783	4.747
2784	4.849
2785	4.696
2786	4.812
2787	4.764
2788	4.841
2789	4.793
2790	4.783
2791	4.807
2792	4.724
2793	4.739
2794	4.828
2795	4.827
2796	4.793
2797	4.781
2798	4.775
2799	4.748
2800	4.784
2801	4.82
2802	4.733
2803	4.802
2804	4.759
2805	4.84
2806	4.809
2807	4.745
2808	4.866
2809	4.787
2810	4.802
2811	4.847
2812	4.803
2813	4.682
2814	4.808
2815	4.744
2816	4.764
2817	4.703
2818	4.702
2819	4.809
2820	4.797
2821	4.835
2822	4.66
2823	4.762
2824	4.687
2825	4.894
2826	4.811
2827	4.86
2828	4.694
2829	4.753
2830	4.712
2831	4.948
2832	4.779
2833	4.894
2834	4.763
2835	4.773
2836	4.729
2837	4.71
2838	4.812
2839	4.849
2840	4.707
2841	4.773
2842	4.708
2843	4.736
2844	4.747
2845	4.832
2846	4.663
2847	4.772
2848	4.73
2849	4.82
2850	4.697
2851	4.831
2852	4.82
2853	4.853
2854	4.784
2855	4.684
2856	4.793
2857	4.71
2858	4.816
2859	4.772
2860	4.86
2861	4.836
2862	4.789
2863	4.758
2864	4.782
2865	4.776
2866	4.81
2867	4.678
2868	4.781
2869	4.762
2870	4.79
2871	4.858
2872	4.871
2873	4.734
2874	4.867
2875	4.736
2876	4.755
2877	4.87
2878	4.754
2879	4.717
2880	4.672
2881	4.76
2882	4.82
2883	4.917
2884	4.905
2885	4.837
2886	4.829
2887	4.86
2888	4.656
2889	4.645
2890	4.801
2891	4.766
2892	4.738
2893	4.736
2894	4.839
2895	4.707
2896	4.92
2897	4.841
2898	4.849
2899	4.755
2900	4.765
2901	4.872
2902	4.787
2903	4.835
2904	4.791
2905	4.781
2906	4.742
2907	4.742
2908	4.755
2909	4.739
2910	4.874
2911	4.842
2912	4.898
2913	4.773
2914	4.679
2915	4.725
2916	4.836
2917	4.797
2918	4.686
2919	4.853
2920	4.716
2921	4.742
2922	4.779
2923	4.76
2924	4.801
2925	4.8
2926	4.806
2927	4.768
2928	4.83
2929	4.773
2930	4.807
2931	4.762
2932	4.809
2933	4.789
2934	4.811
2935	4.753
2936	4.832
2937	4.853
2938	4.874
2939	4.694
2940	4.793
2941	4.776
2942	4.752
2943	4.674
2944	4.803
2945	4.8
2946	4.745
2947	4.873
2948	4.776
2949	4.75
2950	4.818
2951	4.748
2952	4.683
2953	4.741
2954	4.79
2955	4.751
2956	4.795
2957	4.798
2958	4.846
2959	4.762
2960	4.621
2961	4.713
2962	4.816
2963	4.732
2964	4.809
2965	4.84
2966	4.737
2967	4.83
2968	4.843
2969	4.853
2970	4.799
2971	4.714
2972	4.669
2973	4.888
2974	4.618
2975	4.723
2976	4.771
2977	4.691
2978	4.753
2979	4.753
2980	4.825
2981	4.812
2982	4.742
2983	4.786
2984	4.675
2985	4.806
2986	4.749
2987	4.824
2988	4.799
2989	4.81
2990	4.753
2991	4.798
2992	4.825
2993	4.771
2994	4.762
2995	4.697
2996	4.774
2997	4.887
2998	4.84
2999	4.803
3000	4.822
1001	2.145
1002	2.688
1003	2.208
1004	1.771
1005	2.68
1006	2.566
1007	2.495
1008	2.534
1009	2.336
1010	1.495
1011	2.276
1012	2.369
1013	2.309
1014	1.889
1015	1.624
1016	2.457
1017	2.887
1018	2.612
1019	1.958
1020	2.553
1021	2.108
1022	2.204
1023	2.235
1024	2.81
1025	1.711
1026	2.168
1027	1.822
1028	2.09
1029	2.783
1030	2.582
1031	2.499
1032	2.279
1033	2.445
1034	2.17
1035	2.107
1036	2.24
1037	1.794
1038	2.216
1039	2.075
1040	1.579
1041	1.88
1042	2.181
1043	2.076
1044	2.735
1045	2.272
1046	2.631
1047	2.564
1048	1.672
1049	2.328
1050	2.371
1051	1.814
1052	2.529
1053	1.91
1054	1.371
1055	1.977
1056	1.725
1057	1.689
1058	2.755
1059	2.343
1060	2.422
1061	2.515
1062	2.033
1063	2.174
1064	2.09
1065	2.233
1066	2.294
1067	3.156
1068	2.74
1069	2.531
1070	2.122
1071	1.976
1072	2.682
1073	1.607
1074	1.48
1075	2.408
1076	2.564
1077	2.29
1078	2.229
1079	2.171
1080	2.296
1081	1.74
1082	2.738
1083	3.161
1084	1.76
1085	2.638
1086	2.846
1087	2.58
1088	2.091
1089	2.326
1090	2.163
1091	2.331
1092	2.043
1093	1.958
1094	2.573
1095	1.724
1096	2.354
1097	2.354
1098	1.798
1099	2.711
1100	2.297
1101	2.243
1102	1.904
1103	1.795
1104	1.828
1105	2.039
1106	2.199
1107	2.113
1108	1.998
1109	1.678
1110	2.416
1111	2.788
1112	2.726
1113	2.505
1114	2.019
1115	2.013
1116	2.354
1117	1.81
1118	2.15
1119	2.068
1120	2.571
1121	1.736
1122	2.479
1123	2.067
1124	1.373
1125	2.003
1126	2.318
1127	2.106
1128	1.555
1129	2.194
1130	2.143
1131	2.196
1132	1.789
1133	2.382
1134	2.501
1135	2.247
1136	2.945
1137	2.442
1138	1.902
1139	2.012
1140	2.832
1141	2.522
1142	1.78
1143	2.49
1144	2.704
1145	2.523
1146	1.717
1147	2.316
1148	2.368
1149	1.547
1150	1.84
1151	1.694
1152	2.393
1153	2.319
1154	2.308
1155	2.654
1156	2.081
1157	2.829
1158	2.036
1159	2.421
1160	2.072
1161	2.998
1162	2.508
1163	2.164
1164	2.469
1165	2.256
1166	2.224
1167	2.043
1168	1.79
1169	2.236
1170	2.312
1171	2.571
1172	2.365
1173	1.368
1174	2.023
1175	2.169
1176	2.778
1177	2.064
1178	2.112
1179	2.752
1180	2.595
1181	2.017
1182	2.386
1183	1.815
1184	2.55
1185	1.94
1186	2.328
1187	3.073
1188	2.269
1189	2.129
1190	2.435
1191	2.294
1192	2.813
1193	1.977
1194	2.273
1195	2.373
1196	1.861
1197	2.268
1198	2.598
1199	2.797
1200	2.027
1201	1.915
1202	2.053
1203	2.947
1204	2.731
1205	2.377
1206	2.41
1207	2.117
1208	2.446
1209	2.182
1210	2.188
1211	2.207
1212	2.714
1213	1.654
1214	2.76
1215	1.78
1216	1.893
1217	2.391
1218	2.575
1219	2.412
1220	2.127
1221	2.406
1222	1.788
1223	1.87
1224	2.656
1225	2.068
1226	2.753
1227	2.868
1228	1.737
1229	2.271
1230	2.238
1231	2.137
1232	2.224
1233	2.672
1234	2.572
1235	1.77
1236	2.768
1237	2.406
1238	2.323
1239	2.165
1240	2.589
1241	2.371
1242	2.416
1243	2.345
1244	2.168
1245	1.775
1246	2.203
1247	1.816
1248	3.033
1249	2.725
1250	2.008
1251	1.841
1252	2.462
1253	2.414
1254	1.647
1255	2.278
1256	1.949
1257	1.442
1258	2.476
1259	2.124
1260	2.371
1261	2.487
1262	2.426
1263	2.29
1264	1.817
1265	2.536
1266	2.474
1267	2.248
1268	1.764
1269	1.954
1270	1.874
1271	2.356
1272	2.456
1273	2.552
1274	2.067
1275	2.032
1276	2.314
1277	2.02
1278	1.95
1279	2.455
1280	2.456
1281	2.272
1282	1.959
1283	1.999
1284	2.301
1285	2.508
1286	1.875
1287	1.495
1288	2.543
1289	2.767
1290	2.886
1291	2.202
1292	2.895
1293	2.081
1294	1.821
1295	2.059
1296	2.503
1297	2.752
1298	2.193
1299	2.501
1300	2.044
1301	2.66
1302	2.015
1303	1.529
1304	1.792
1305	1.47
1306	1.987
1307	2.508
1308	1.907
1309	2.535
1310	1.73
1311	2.716
1312	2.164
1313	1.724
1314	2.313
1315	1.657
1316	1.619
1317	2.15
1318	1.906
1319	2.482
1320	2.383
1321	2.335
1322	2.253
1323	2.002
1324	2.488
1325	2.265
1326	2.661
1327	2.237
1328	1.649
1329	1.231
1330	2.415
1331	2.522
1332	2.602
1333	2.044
1334	2.24
1335	2.251
1336	1.894
1337	2.028
1338	2.476
1339	1.925
1340	2.011
1341	1.855
1342	1.582
1343	2.22
1344	2.346
1345	1.716
1346	2.749
1347	2.215
1348	2.053
1349	2.469
1350	1.959
1351	2.523
1352	2.527
1353	2.561
1354	2.866
1355	3.121
1356	2.142
1357	1.943
1358	2.467
1359	2.176
1360	2.146
1361	2.525
1362	1.711
1363	2.304
1364	1.977
1365	1.897
1366	2.618
1367	2.476
1368	1.766
1369	2.388
1370	1.601
1371	2.68
1372	1.685
1373	2.383
1374	1.745
1375	1.959
1376	2.851
1377	2.001
1378	2.662
1379	2.144
1380	1.742
1381	2.004
1382	1.974
1383	2.525
1384	2.194
1385	2.944
1386	2.507
1387	2.17
1388	2.673
1389	1.583
1390	3.123
1391	2.529
1392	2.139
1393	2.256
1394	2.217
1395	1.912
1396	2.163
1397	2.544
1398	2.545
1399	1.75
1400	2.212
1401	2.359
1402	2.368
1403	1.945
1404	2.323
1405	2.681
1406	1.891
1407	2.464
1408	1.874
1409	1.644
1410	1.963
1411	1.927
1412	2.316
1413	2.407
1414	2.196
1415	2.311
1416	2.412
1417	1.883
1418	2.8
1419	2.119
1420	2.219
1421	2.374
1422	2.748
1423	2.436
1424	2.5
1425	1.784
1426	1.686
1427	1.881
1428	2.015
1429	2.249
1430	2.124
1431	1.895
1432	1.746
1433	2.35
1434	1.892
1435	1.904
1436	1.926
1437	1.229
1438	1.805
1439	2.372
1440	2.074
1441	1.708
1442	2.332
1443	2.198
1444	2.221
1445	2.473
1446	2.356
1447	2.457
1448	2.203
1449	1.951
1450	2.718
1451	2.271
1452	2.718
1453	2.225
1454	2.382
1455	2.019
1456	2.117
1457	1.7
1458	3.203
1459	2.16
1460	2.066
1461	2.719
1462	1.622
1463	2.115
1464	2.136
1465	1.878
1466	2.308
1467	2.477
1468	2.109
1469	2.231
1470	2.137
1471	2.065
1472	2.495
1473	2.205
1474	1.817
1475	2.432
1476	2.654
1477	1.714
1478	2.349
1479	2.311
1480	1.976
1481	1.874
1482	2.002
1483	2.531
1484	2.166
1485	2.143
1486	2.525
1487	2.387
1488	2.413
1489	1.662
1490	1.816
1491	1.89
1492	1.88
1493	1.982
1494	2.053
1495	2.305
1496	2.645
1497	2.92
1498	1.911
1499	2.567
1500	2.616
1501	1.943
1502	2.603
1503	1.843
1504	2.255
1505	1.859
1506	1.914
1507	2.332
1508	1.97
1509	2.463
1510	2.292
1511	2.677
1512	1.887
1513	2.317
1514	1.299
1515	1.681
1516	1.84
1517	2.037
1518	2.131
1519	2.483
1520	1.985
1521	2.039
1522	2.253
1523	2.552
1524	2.981
1525	2.178
1526	2.036
1527	2.519
1528	2.555
1529	1.368
1530	1.606
1531	1.48
1532	2.872
1533	2.485
1534	1.743
1535	2.677
1536	2.24
1537	1.828
1538	1.876
1539	1.801
1540	1.377
1541	2.336
1542	2.705
1543	2.656
1544	2.499
1545	2.722
1546	2.863
1547	2.011
1548	2.134
1549	3.042
1550	2.88
1551	2.263
1552	2.597
1553	2.314
1554	2.098
1555	2.898
1556	2.395
1557	2.323
1558	1.53
1559	2.351
1560	2.744
1561	2.0
1562	2.115
1563	1.527
1564	2.354
1565	2.79
1566	1.558
1567	2.135
1568	2.866
1569	2.415
1570	2.221
1571	2.478
1572	2.231
1573	2.163
1574	1.776
1575	1.818
1576	2.303
1577	1.907
1578	1.709
1579	2.185
1580	2.911
1581	2.114
1582	1.629
1583	1.984
1584	2.38
1585	2.184
1586	2.598
1587	1.518
1588	2.17
1589	2.128
1590	1.957
1591	2.031
1592	1.929
1593	2.284
1594	2.264
1595	3.114
1596	2.732
1597	2.844
1598	2.039
1599	1.553
1600	1.931
1601	2.342
1602	1.949
1603	2.535
1604	2.85
1605	2.095
1606	2.254
1607	2.482
1608	2.278
1609	1.889
1610	1.951
1611	1.864
1612	2.359
1613	1.688
1614	2.041
1615	2.568
1616	2.58
1617	1.991
1618	2.162
1619	2.769
1620	2.142
1621	1.706
1622	2.123
1623	2.272
1624	2.165
1625	2.224
1626	2.364
1627	2.166
1628	1.483
1629	2.424
1630	2.069
1631	2.204
1632	1.707
1633	2.133
1634	1.998
1635	1.879
1636	2.228
1637	2.21
1638	2.232
1639	2.516
1640	2.4
1641	1.774
1642	1.962
1643	2.728
1644	2.447
1645	2.688
1646	2.179
1647	2.668
1648	3.199
1649	2.817
1650	2.3
1651	2.253
1652	2.522
1653	2.269
1654	2.157
1655	2.264
1656	2.487
1657	1.861
1658	1.962
1659	2.098
1660	2.278
1661	2.512
1662	2.508
1663	2.439
1664	2.705
1665	2.182
1666	2.582
1667	2.727
1668	2.677
1669	1.913
1670	1.732
1671	2.444
1672	2.676
1673	2.214
1674	1.875
1675	2.009
1676	2.393
1677	2.53
1678	2.55
1679	1.775
1680	2.214
1681	2.188
1682	2.001
1683	1.899
1684	2.322
1685	2.006
1686	2.185
1687	1.931
1688	2.33
1689	2.405
1690	1.601
1691	2.316
1692	2.289
1693	2.391
1694	2.896
1695	2.149
1696	2.111
1697	2.225
1698	2.332
1699	2.429
1700	2.196
1701	1.875
1702	2.335
1703	2.498
1704	2.207
1705	1.89
1706	1.666
1707	2.469
1708	1.953
1709	2.043
1710	2.328
1711	2.136
1712	2.707
1713	1.618
1714	2.804
1715	1.742
1716	2.049
1717	1.679
1718	2.314
1719	1.29
1720	2.232
1721	2.176
1722	2.469
1723	1.962
1724	1.926
1725	1.796
1726	1.936
1727	2.396
1728	2.122
1729	1.733
1730	2.291
1731	2.412
1732	2.136
1733	1.631
1734	2.222
1735	2.761
1736	2.209
1737	2.185
1738	2.237
1739	1.803
1740	2.949
1741	2.64
1742	2.603
1743	2.407
1744	2.442
1745	2.475
1746	2.2
1747	1.847
1748	1.591
1749	3.157
1750	2.186
1751	1.607
1752	2.026
1753	1.512
1754	1.841
1755	1.727
1756	1.954
1757	2.245
1758	1.565
1759	2.519
1760	2.068
1761	2.041
1762	2.708
1763	1.705
1764	1.936
1765	2.061
1766	2.167
1767	1.884
1768	2.411
1769	1.853
1770	2.237
1771	2.072
1772	2.241
1773	1.691
1774	2.423
1775	2.584
1776	2.39
1777	2.064
1778	1.829
1779	1.796
1780	3.077
1781	2.158
1782	2.248
1783	2.516
1784	1.857
1785	2.809
1786	2.517
1787	1.849
1788	2.812
1789	2.094
1790	2.176
1791	1.941
1792	2.152
1793	2.08
1794	2.42
1795	2.971
1796	2.372
1797	2.613
1798	1.849
1799	2.424
1800	2.41
1801	2.294
1802	2.0
1803	2.703
1804	1.767
1805	2.766
1806	2.232
1807	2.56
1808	2.297
1809	2.391
1810	1.806
1811	2.455
1812	2.172
1813	2.647
1814	1.891
1815	2.799
1816	2.959
1817	2.409
1818	2.532
1819	2.215
1820	3.141
1821	1.83
1822	1.78
1823	2.229
1824	2.045
1825	1.467
1826	2.091
1827	2.569
1828	2.043
1829	2.139
1830	1.673
1831	1.968
1832	2.539
1833	1.837
1834	2.939
1835	1.458
1836	2.48
1837	2.493
1838	1.977
1839	2.395
1840	2.607
1841	2.875
1842	2.201
1843	2.363
1844	2.25
1845	2.19
1846	2.33
1847	2.138
1848	1.712
1849	1.947
1850	2.207
1851	1.631
1852	2.494
1853	2.185
1854	1.887
1855	2.03
1856	2.581
1857	2.409
1858	2.316
1859	1.483
1860	1.587
1861	2.625
1862	2.549
1863	2.259
1864	2.481
1865	2.37
1866	2.716
1867	1.845
1868	2.262
1869	2.942
1870	2.298
1871	2.797
1872	2.167
1873	2.246
1874	3.283
1875	1.828
1876	2.204
1877	1.929
1878	1.577
1879	2.141
1880	3.114
1881	2.347
1882	2.146
1883	1.88
1884	1.798
1885	1.928
1886	2.155
1887	2.286
1888	2.602
1889	1.843
1890	2.63
1891	2.052
1892	2.593
1893	2.066
1894	2.191
1895	1.847
1896	2.403
1897	1.683
1898	2.531
1899	2.143
1900	2.481
1901	2.573
1902	2.318
1903	2.513
1904	1.659
1905	2.112
1906	2.606
1907	2.355
1908	1.866
1909	2.681
1910	1.733
1911	1.66
1912	2.346
1913	2.213
1914	2.521
1915	2.77
1916	2.286
1917	2.648
1918	1.937
1919	2.203
1920	1.764
1921	1.929
1922	2.305
1923	2.47
1924	2.808
1925	2.371
1926	2.286
1927	2.821
1928	2.26
1929	2.984
1930	2.337
1931	2.487
1932	2.351
1933	1.914
1934	1.572
1935	3.118
1936	2.096
1937	2.621
1938	2.178
1939	2.168
1940	2.06
1941	2.136
1942	2.265
1943	1.995
1944	2.165
1945	2.401
1946	2.306
1947	2.164
1948	2.387
1949	1.633
1950	0.9986
1951	2.049
1952	1.728
1953	2.104
1954	2.558
1955	1.834
1956	2.373
1957	3.454
1958	2.447
1959	2.149
1960	2.305
1961	1.852
1962	2.217
1963	2.487
1964	1.514
1965	2.187
1966	2.616
1967	2.067
1968	1.613
1969	2.271
1970	2.153
1971	2.065
1972	3.068
1973	1.69
1974	2.369
1975	2.767
1976	2.44
1977	2.176
1978	2.08
1979	1.884
1980	1.967
1981	2.533
1982	2.523
1983	2.519
1984	1.656
1985	1.962
1986	1.867
1987	2.291
1988	2.226
1989	1.897
1990	1.342
1991	2.34
1992	2.152
1993	2.217
1994	2.185
1995	2.26
1996	1.962
1997	2.135
1998	1.802
1999	2.533
2000	1.391
2001	2.125
2002	2.73
2003	2.066
2004	2.407
2005	2.743
2006	1.784
2007	2.62
2008	2.492
2009	2.741
2010	2.184
2011	1.506
2012	2.007
2013	1.901
2014	1.789
2015	2.153
2016	1.866
2017	2.484
2018	2.24
2019	2.315
2020	2.541
2021	2.956
2022	1.654
2023	2.437
2024	2.496
2025	2.87
2026	2.091
2027	2.297
2028	2.158
2029	2.446
2030	2.46
2031	1.513
2032	2.074
2033	2.348
2034	1.815
2035	1.771
2036	2.16
2037	2.369
2038	2.434
2039	1.99
2040	2.839
2041	2.807
2042	2.423
2043	2.114
2044	2.313
2045	2.373
2046	2.777
2047	2.216
2048	2.489
2049	1.65
2050	3.086
2051	2.001
2052	1.949
2053	2.014
2054	2.056
2055	1.89
2056	2.154
2057	2.087
2058	1.841
2059	2.318
2060	1.318
2061	2.551
2062	1.952
2063	2.416
2064	2.006
2065	2.922
2066	2.096
2067	2.012
2068	1.367
2069	2.392
2070	2.074
2071	2.56
2072	2.055
2073	1.656
2074	2.563
2075	2.04
2076	2.374
2077	2.139
2078	2.101
2079	2.26
2080	2.556
2081	2.002
2082	1.876
2083	2.332
2084	2.499
2085	1.647
2086	1.875
2087	1.866
2088	2.166
2089	2.506
2090	2.374
2091	2.407
2092	1.796
2093	2.012
2094	1.768
2095	2.052
2096	2.131
2097	2.844
2098	1.75
2099	2.613
2100	1.759
2101	1.762
2102	2.559
2103	2.918
2104	2.264
2105	2.147
2106	1.977
2107	2.101
2108	1.8
2109	2.135
2110	2.27
2111	2.325
2112	2.001
2113	2.327
2114	2.636
2115	2.144
2116	2.506
2117	1.361
2118	1.85
2119	2.06
2120	2.591
2121	1.807
2122	2.014
2123	2.5
2124	2.604
2125	1.964
2126	2.343
2127	2.667
2128	2.719
2129	1.881
2130	1.415
2131	2.554
2132	2.321
2133	1.815
2134	2.133
2135	2.446
2136	2.166
2137	2.539
2138	1.877
2139	1.868
2140	2.247
2141	2.082
2142	1.456
2143	1.922
2144	2.146
2145	2.297
2146	2.281
2147	2.784
2148	2.242
2149	1.74
2150	2.751
2151	2.77
2152	2.68
2153	2.043
2154	2.478
2155	1.918
2156	2.379
2157	2.217
2158	2.369
2159	1.477
2160	2.318
2161	2.215
2162	2.049
2163	2.044
2164	2.237
2165	1.564
2166	2.27
2167	1.885
2168	1.909
2169	1.877
2170	2.053
2171	2.489
2172	1.986
2173	2.273
2174	2.115
2175	1.738
2176	2.334
2177	1.526
2178	2.183
2179	2.846
2180	2.293
2181	2.019
2182	1.814
2183	1.993
2184	2.613
2185	1.563
2186	2.315
2187	2.488
2188	2.094
2189	2.615
2190	2.022
2191	2.149
2192	1.86
2193	2.056
2194	2.142
2195	2.264
2196	1.866
2197	2.065
2198	2.707
2199	2.243
2200	2.185
2201	2.117
2202	2.432
2203	1.395
2204	2.323
2205	1.996
2206	2.406
2207	2.646
2208	2.081
2209	2.858
2210	1.146
2211	2.429
2212	1.999
2213	1.996
2214	1.56
2215	2.424
2216	2.651
2217	2.214
2218	2.223
2219	1.92
2220	1.95
2221	2.235
2222	2.415
2223	2.381
2224	1.96
2225	2.75
2226	2.414
2227	3.219
2228	1.935
2229	2.079
2230	2.053
2231	2.706
2232	2.001
2233	1.705
2234	1.824
2235	2.649
2236	2.061
2237	2.177
2238	2.618
2239	2.224
2240	2.112
2241	1.965
2242	2.699
2243	1.467
2244	2.019
2245	2.195
2246	2.524
2247	2.104
2248	2.184
2249	1.459
2250	1.942
2251	2.011
2252	2.301
2253	2.099
2254	1.259
2255	2.393
2256	2.893
2257	2.115
2258	2.011
2259	2.02
2260	2.614
2261	1.307
2262	2.486
2263	2.25
2264	1.74
2265	2.289
2266	3.043
2267	2.002
2268	1.991
2269	2.332
2270	2.553
2271	2.774
2272	2.748
2273	1.475
2274	1.863
2275	2.096
2276	2.388
2277	1.999
2278	1.789
2279	2.43
2280	2.327
2281	1.631
2282	1.853
2283	2.171
2284	2.139
2285	2.12
2286	2.336
2287	2.198
2288	2.217
2289	2.209
2290	2.249
2291	1.588
2292	2.376
2293	2.246
2294	2.255
2295	2.236
2296	2.185
2297	2.179
2298	2.518
2299	2.367
2300	1.876
2301	1.953
2302	1.906
2303	2.066
2304	2.395
2305	2.812
2306	2.195
2307	2.427
2308	2.233
2309	2.255
2310	2.039
2311	2.161
2312	1.939
2313	2.935
2314	2.535
2315	2.338
2316	2.388
2317	1.848
2318	2.501
2319	2.245
2320	2.03
2321	2.043
2322	2.368
2323	2.479
2324	2.522
2325	2.746
2326	1.906
2327	1.436
2328	2.317
2329	2.764
2330	2.518
2331	2.689
2332	2.328
2333	1.911
2334	1.889
2335	2.104
2336	1.493
2337	2.451
2338	2.401
2339	2.187
2340	2.123
2341	2.66
2342	1.997
2343	2.91
2344	2.16
2345	2.387
2346	1.714
2347	1.61
2348	1.802
2349	2.346
2350	2.555
2351	1.824
2352	1.679
2353	2.786
2354	1.69
2355	2.059
2356	2.341
2357	2.421
2358	1.996
2359	2.349
2360	3.1
2361	2.359
2362	2.283
2363	2.002
2364	1.664
2365	2.549
2366	2.273
2367	2.294
2368	1.575
2369	2.265
2370	1.61
2371	2.772
2372	2.084
2373	2.622
2374	2.039
2375	1.884
2376	3.088
2377	1.722
2378	2.441
2379	2.19
2380	1.909
2381	2.587
2382	2.02
2383	2.19
2384	2.13
2385	2.077
2386	2.469
2387	2.186
2388	3.008
2389	2.55
2390	2.556
2391	1.74
2392	3.061
2393	1.625
2394	2.257
2395	3.056
2396	1.891
2397	3.118
2398	2.538
2399	1.993
2400	1.967
2401	2.947
2402	2.538
2403	2.929
2404	1.64
2405	1.796
2406	2.01
2407	2.593
2408	2.128
2409	2.757
2410	2.542
2411	1.87
2412	2.736
2413	1.885
2414	2.186
2415	2.343
2416	1.724
2417	2.141
2418	1.637
2419	1.466
2420	2.664
2421	1.908
2422	2.248
2423	2.613
2424	1.739
2425	3.161
2426	2.335
2427	2.377
2428	2.182
2429	2.404
2430	2.344
2431	2.782
2432	2.284
2433	2.464
2434	1.927
2435	2.493
2436	2.575
2437	2.314
2438	2.491
2439	2.384
2440	1.778
2441	2.295
2442	2.337
2443	2.637
2444	2.079
2445	2.263
2446	2.72
2447	3.077
2448	2.409
2449	2.071
2450	1.741
2451	2.256
2452	1.819
2453	2.503
2454	2.756
2455	1.867
2456	2.44
2457	2.376
2458	1.998
2459	2.388
2460	1.499
2461	2.234
2462	2.217
2463	2.354
2464	2.208
2465	2.409
2466	2.503
2467	1.922
2468	1.628
2469	2.284
2470	2.115
2471	2.27
2472	2.252
2473	1.521
2474	1.381
2475	1.816
2476	1.811
2477	2.296
2478	1.653
2479	2.682
2480	2.531
2481	2.139
2482	2.004
2483	2.276
2484	2.338
2485	2.194
2486	2.105
2487	2.286
2488	1.971
2489	2.623
2490	2.944
2491	1.846
2492	2.483
2493	2.172
2494	2.542
2495	2.21
2496	2.163
2497	2.167
2498	2.304
2499	1.958
2500	2.16
2501	2.708
2502	2.356
2503	2.348
2504	2.301
2505	1.875
2506	3.015
2507	2.015
2508	2.059
2509	2.494
2510	2.184
2511	2.767
2512	1.276
2513	2.324
2514	2.477
2515	2.574
2516	2.217
2517	3.243
2518	1.759
2519	2.145
2520	2.468
2521	2.425
2522	2.139
2523	2.2
2524	2.002
2525	2.579
2526	1.763
2527	1.991
2528	2.323
2529	2.555
2530	2.375
2531	2.204
2532	2.548
2533	2.379
2534	2.335
2535	1.855
2536	2.176
2537	2.414
2538	2.513
2539	1.967
2540	2.222
2541	2.194
2542	2.34
2543	2.602
2544	1.84
2545	2.63
2546	2.233
2547	1.668
2548	2.139
2549	2.482
2550	2.342
2551	1.713
2552	2.308
2553	2.145
2554	2.332
2555	1.617
2556	2.434
2557	1.73
2558	2.531
2559	2.097
2560	2.227
2561	2.407
2562	2.403
2563	1.986
2564	1.982
2565	2.584
2566	2.032
2567	2.878
2568	2.304
2569	2.33
2570	2.415
2571	2.554
2572	2.617
2573	2.189
2574	2.533
2575	2.136
2576	2.229
2577	2.163
2578	1.594
2579	2.176
2580	1.844
2581	2.101
2582	2.688
2583	2.477
2584	1.949
2585	2.529
2586	2.333
2587	1.963
2588	2.645
2589	1.614
2590	2.341
2591	2.088
2592	1.966
2593	1.81
2594	2.072
2595	2.186
2596	2.311
2597	2.11
2598	1.977
2599	2.358
2600	2.633
2601	1.749
2602	2.151
2603	2.214
2604	1.31
2605	1.874
2606	1.941
2607	2.307
2608	2.489
2609	1.937
2610	2.32
2611	1.843
2612	1.81
2613	2.054
2614	2.716
2615	1.843
2616	1.85
2617	2.11
2618	1.896
2619	2.289
2620	2.35
2621	2.351
2622	2.164
2623	2.387
2624	2.16
2625	1.324
2626	2.076
2627	2.19
2628	2.495
2629	2.627
2630	2.824
2631	1.676
2632	2.329
2633	2.412
2634	1.852
2635	2.042
2636	2.519
2637	2.077
2638	1.673
2639	2.322
2640	2.663
2641	2.272
2642	1.873
2643	1.411
2644	2.087
2645	2.496
2646	2.049
2647	2.196
2648	1.95
2649	2.08
2650	2.204
2651	3.049
2652	2.485
2653	2.371
2654	2.05
2655	1.711
2656	2.063
2657	1.968
2658	1.292
2659	2.107
2660	1.964
2661	2.089
2662	1.916
2663	1.921
2664	2.242
2665	1.581
2666	2.461
2667	1.634
2668	1.868
2669	1.979
2670	2.662
2671	2.097
2672	1.921
2673	2.254
2674	2.505
2675	1.635
2676	1.444
2677	1.699
2678	2.052
2679	2.0
2680	2.48
2681	1.828
2682	3.18
2683	2.399
2684	2.763
2685	1.988
2686	2.215
2687	2.74
2688	2.282
2689	2.38
2690	2.449
2691	2.612
2692	1.739
2693	2.09
2694	2.561
2695	2.131
2696	2.4
2697	1.999
2698	1.997
2699	2.053
2700	2.09
2701	2.482
2702	2.512
2703	2.078
2704	1.846
2705	2.42
2706	2.337
2707	1.876
2708	1.953
2709	2.0
2710	1.606
2711	2.126
2712	2.996
2713	2.389
2714	2.529
2715	2.93
2716	2.511
2717	2.407
2718	2.465
2719	2.243
2720	1.503
2721	2.418
2722	2.664
2723	1.436
2724	1.996
2725	2.485
2726	1.703
2727	2.598
2728	2.202
2729	2.307
2730	2.772
2731	2.287
2732	2.465
2733	1.535
2734	2.116
2735	2.162
2736	1.564
2737	2.765
2738	2.59
2739	1.629
2740	2.102
2741	2.177
2742	2.57
2743	2.074
2744	2.1
2745	2.557
2746	1.942
2747	2.571
2748	1.63
2749	2.068
2750	2.632
2751	2.732
2752	2.286
2753	3.048
2754	1.373
2755	1.971
2756	2.686
2757	2.734
2758	1.585
2759	2.217
2760	2.089
2761	2.722
2762	2.337
2763	2.713
2764	2.162
2765	2.236
2766	1.89
2767	1.954
2768	1.878
2769	1.879
2770	2.535
2771	2.295
2772	2.563
2773	1.627
2774	2.191
2775	1.823
2776	1.79
2777	2.511
2778	2.182
2779	2.277
2780	2.12
2781	1.714
2782	2.179
2783	1.992
2784	1.899
2785	1.899
2786	2.045
2787	2.419
2788	2.069
2789	2.736
2790	1.634
2791	2.424
2792	1.791
2793	2.468
2794	2.353
2795	2.268
2796	2.3
2797	1.883
2798	2.305
2799	1.856
2800	2.445
2801	1.987
2802	2.371
2803	2.225
2804	2.893
2805	2.252
2806	2.021
2807	2.515
2808	2.187
2809	2.939
2810	2.126
2811	2.746
2812	2.204
2813	2.241
2814	2.25
2815	2.487
2816	2.678
2817	2.068
2818	2.387
2819	2.756
2820	2.239
2821	1.941
2822	2.225
2823	2.757
2824	2.575
2825	2.013
2826	2.26
2827	2.287
2828	1.685
2829	1.447
2830	2.351
2831	2.42
2832	2.436
2833	2.317
2834	2.156
2835	2.1
2836	1.932
2837	1.832
2838	2.137
2839	2.653
2840	2.272
2841	2.041
2842	2.276
2843	2.304
2844	2.286
2845	2.127
2846	1.272
2847	1.06
2848	2.175
2849	2.071
2850	2.79
2851	2.319
2852	2.005
2853	2.405
2854	2.656
2855	1.396
2856	2.454
2857	2.441
2858	2.186
2859	1.932
2860	1.628
2861	2.682
2862	2.762
2863	2.566
2864	1.907
2865	1.579
2866	1.997
2867	2.229
2868	2.337
2869	2.348
2870	3.012
2871	1.94
2872	2.288
2873	2.449
2874	2.312
2875	1.898
2876	2.294
2877	2.421
2878	1.94
2879	1.477
2880	2.448
2881	2.03
2882	2.526
2883	1.984
2884	2.284
2885	2.211
2886	2.369
2887	2.492
2888	2.848
2889	2.428
2890	1.663
2891	1.819
2892	2.517
2893	1.552
2894	1.833
2895	1.288
2896	1.686
2897	2.136
2898	2.088
2899	1.641
2900	2.231
2901	1.187
2902	2.255
2903	1.725
2904	3.544
2905	2.6
2906	2.349
2907	2.487
2908	2.735
2909	2.555
2910	2.08
2911	2.224
2912	2.771
2913	2.167
2914	1.96
2915	1.781
2916	1.957
2917	2.042
2918	2.238
2919	1.898
2920	2.2
2921	2.238
2922	3.023
2923	2.005
2924	2.535
2925	2.024
2926	2.375
2927	1.877
2928	1.966
2929	1.571
2930	2.199
2931	1.673
2932	1.956
2933	1.591
2934	2.67
2935	2.598
2936	2.575
2937	1.876
2938	1.857
2939	1.514
2940	1.916
2941	1.733
2942	1.592
2943	1.878
2944	2.412
2945	2.477
2946	2.159
2947	2.198
2948	2.325
2949	2.166
2950	2.158
2951	2.318
2952	2.657
2953	2.639
2954	2.183
2955	2.14
2956	2.65
2957	1.468
2958	3.088
2959	2.695
2960	1.803
2961	1.996
2962	2.203
2963	2.442
2964	1.904
2965	1.736
2966	1.85
2967	2.109
2968	2.431
2969	1.806
2970	1.89
2971	2.069
2972	1.825
2973	2.253
2974	2.679
2975	1.938
2976	1.805
2977	2.21
2978	2.276
2979	1.499
2980	1.459
2981	1.618
2982	2.068
2983	1.653
2984	2.861
2985	2.543
2986	2.388
2987	2.055
2988	2.343
2989	1.879
2990	1.495
2991	2.371
2992	2.047
2993	2.546
2994	2.482
2995	1.726
2996	2.306
2997	2.236
2998	1.886
2999	1.895
3000	2.002
1001	302.4
1002	303.9
1003	303.5
1004	304.3
1005	305.9
1006	304.3
1007	302.6
1008	307.7
1009	302.5
1010	306.0
1011	301.9
1012	302.7
1013	303.1
1014	306.4
1015	304.9
1016	304.5
1017	305.7
1018	306.3
1019	303.3
1020	303.1
1021	301.9
1022	304.5
1023	303.3
1024	305.3
1025	304.7
1026	303.3
1027	304.4
1028	301.9
1029	307.0
1030	307.4
1031	303.7
1032	302.7
1033	303.4
1034	303.3
1035	302.3
1036	305.8
1037	303.3
1038	303.8
1039	301.9
1040	305.3
1041	302.6
1042	304.0
1043	306.3
1044	306.2
1045	304.6
1046	304.7
1047	303.8
1048	304.4
1049	304.4
1050	302.1
1051	304.1
1052	303.3
1053	302.9
1054	308.8
1055	306.2
1056	304.8
1057	305.7
1058	304.7
1059	306.7
1060	307.2
1061	303.4
1062	303.7
1063	303.3
1064	306.3
1065	302.4
1066	303.0
1067	310.2
1068	304.4
1069	302.8
1070	303.7
1071	303.9
1072	304.0
1073	305.8
1074	308.1
1075	302.8
1076	304.1
1077	303.5
1078	303.6
1079	303.8
1080	303.0
1081	304.6
1082	304.8
1083	309.9
1084	305.1
1085	306.3
1086	306.6
1087	303.8
1088	303.2
1089	301.9
1090	301.8
1091	308.5
1092	304.7
1093	302.2
1094	303.3
1095	303.9
1096	306.6
1097	302.5
1098	303.1
1099	309.7
1100	303.5
1101	303.8
1102	302.6
1103	304.7
1104	305.7
1105	302.1
1106	303.5
1107	305.7
1108	303.6
1109	307.2
1110	302.2
1111	304.7
1112	305.2
1113	304.0
1114	307.6
1115	302.0
1116	302.8
1117	304.8
1118	302.8
1119	303.8
1120	305.0
1121	303.5
1122	304.9
1123	305.1
1124	309.8
1125	306.3
1126	303.9
1127	303.5
1128	307.2
1129	301.8
1130	304.0
1131	305.1
1132	312.7
1133	302.1
1134	304.9
1135	303.8
1136	310.5
1137	302.4
1138	302.7
1139	303.7
1140	306.6
1141	302.8
1142	306.4
1143	302.5
1144	309.8
1145	303.0
1146	306.0
1147	302.6
1148	307.2
1149	306.1
1150	303.6
1151	304.2
1152	302.6
1153	302.4
1154	302.4
1155	309.5
1156	303.4
1157	305.0
1158	304.1
1159	303.4
1160	304.4
1161	308.2
1162	304.6
1163	301.8
1164	302.6
1165	301.8
1166	307.2
1167	308.5
1168	307.3
1169	304.4
1170	305.6
1171	303.2
1172	302.4
1173	309.1
1174	302.5
1175	302.3
1176	305.1
1177	302.5
1178	303.1
1179	305.2
1180	303.3
1181	302.6
1182	307.1
1183	303.0
1184	304.6
1185	302.6
1186	304.2
1187	309.0
1188	302.0
1189	302.6
1190	307.1
1191	305.4
1192	305.4
1193	302.3
1194	309.3
1195	303.5
1196	302.8
1197	302.4
1198	313.1
1199	306.9
1200	302.6
1201	304.8
1202	302.5
1203	308.6
1204	307.5
1205	303.4
1206	303.3
1207	302.1
1208	305.3
1209	307.8
1210	303.2
1211	301.8
1212	304.0
1213	305.1
1214	307.7
1215	309.4
1216	304.2
1217	302.2
1218	304.5
1219	310.4
1220	302.4
1221	303.2
1222	304.3
1223	304.4
1224	303.9
1225	303.8
1226	304.5
1227	306.7
1228	308.5
1229	310.0
1230	302.3
1231	303.3
1232	303.4
1233	303.8
1234	303.5
1235	309.0
1236	305.6
1237	308.4
1238	302.7
1239	303.1
1240	304.6
1241	303.9
1242	304.3
1243	302.1
1244	301.8
1245	304.5
1246	303.2
1247	304.0
1248	307.7
1249	304.8
1250	302.2
1251	309.4
1252	306.9
1253	302.8
1254	306.2
1255	302.6
1256	305.7
1257	308.2
1258	303.0
1259	302.3
1260	302.3
1261	303.0
1262	303.2
1263	304.6
1264	308.5
1265	305.8
1266	305.9
1267	302.4
1268	307.6
1269	303.1
1270	305.0
1271	303.5
1272	303.1
1273	303.6
1274	308.5
1275	302.4
1276	308.1
1277	303.2
1278	304.2
1279	303.8
1280	303.7
1281	302.3
1282	306.0
1283	306.7
1284	305.2
1285	305.8
1286	303.8
1287	306.1
1288	303.8
1289	304.6
1290	307.7
1291	302.2
1292	309.0
1293	302.5
1294	305.2
1295	304.0
1296	308.6
1297	304.5
1298	303.7
1299	305.7
1300	305.5
1301	309.6
1302	303.2
1303	307.7
1304	305.7
1305	307.5
1306	304.7
1307	303.7
1308	303.1
1309	303.1
1310	308.5
1311	304.5
1312	302.1
1313	304.4
1314	303.6
1315	304.3
1316	309.0
1317	301.8
1318	302.7
1319	303.2
1320	303.3
1321	304.6
1322	305.0
1323	306.3
1324	302.6
1325	303.9
1326	305.1
1327	302.4
1328	305.8
1329	310.0
1330	302.2
1331	303.8
1332	308.9
1333	310.1
1334	304.2
1335	305.4
1336	303.3
1337	305.9
1338	305.1
1339	302.8
1340	304.1
1341	306.2
1342	308.2
1343	302.1
1344	304.7
1345	307.6
1346	306.4
1347	301.9
1348	303.1
1349	304.1
1350	303.8
1351	303.2
1352	303.0
1353	303.2
1354	306.8
1355	311.1
1356	302.4
1357	302.7
1358	302.9
1359	303.6
1360	302.5
1361	303.4
1362	304.7
1363	303.1
1364	304.9
1365	307.0
1366	303.7
1367	304.1
1368	304.2
1369	302.6
1370	312.4
1371	310.2
1372	304.7
1373	304.6
1374	303.8
1375	306.1
1376	305.8
1377	306.9
1378	310.4
1379	302.0
1380	304.5
1381	302.2
1382	304.4
1383	303.2
1384	315.0
1385	308.0
1386	302.7
1387	304.9
1388	304.9
1389	305.4
1390	310.4
1391	302.7
1392	302.6
1393	303.7
1394	306.7
1395	303.1
1396	304.1
1397	306.2
1398	305.9
1399	306.5
1400	302.0
1401	302.7
1402	303.8
1403	306.6
1404	302.7
1405	305.7
1406	302.8
1407	302.4
1408	307.6
1409	304.8
1410	305.0
1411	304.1
1412	304.0
1413	306.7
1414	301.9
1415	304.5
1416	302.7
1417	304.5
1418	309.2
1419	301.9
1420	304.0
1421	303.1
1422	305.0
1423	309.7
1424	303.0
1425	304.5
1426	306.2
1427	306.5
1428	306.9
1429	302.4
1430	302.5
1431	303.6
1432	304.7
1433	303.0
1434	304.3
1435	302.5
1436	303.8
1437	310.9
1438	310.5
1439	303.2
1440	305.6
1441	305.6
1442	303.5
1443	308.2
1444	306.2
1445	303.8
1446	302.5
1447	304.9
1448	302.7
1449	303.0
1450	305.9
1451	303.0
1452	305.0
1453	304.2
1454	306.5
1455	303.7
1456	304.4
1457	306.2
1458	311.8
1459	302.2
1460	304.4
1461	305.6
1462	307.0
1463	302.6
1464	304.1
1465	304.9
1466	304.9
1467	303.0
1468	303.2
1469	302.8
1470	304.8
1471	306.4
1472	309.7
1473	302.4
1474	304.4
1475	304.1
1476	304.1
1477	304.3
1478	302.8
1479	304.0
1480	302.6
1481	306.6
1482	304.8
1483	304.9
1484	307.8
1485	302.1
1486	302.6
1487	302.2
1488	302.7
1489	305.3
1490	303.0
1491	302.9
1492	304.1
1493	303.6
1494	304.8
1495	304.6
1496	304.9
1497	306.6
1498	302.6
1499	303.6
1500	308.5
1501	305.7
1502	313.4
1503	303.2
1504	312.2
1505	303.2
1506	304.0
1507	305.4
1508	302.3
1509	312.1
1510	302.0
1511	304.0
1512	304.1
1513	303.1
1514	308.9
1515	305.7
1516	305.0
1517	311.8
1518	303.6
1519	306.6
1520	302.2
1521	304.7
1522	305.1
1523	302.9
1524	307.5
1525	303.4
1526	305.3
1527	302.6
1528	304.1
1529	308.0
1530	305.8
1531	306.6
1532	305.5
1533	303.0
1534	306.1
1535	303.7
1536	302.3
1537	308.3
1538	306.3
1539	303.2
1540	307.6
1541	302.3
1542	307.5
1543	305.1
1544	305.7
1545	304.6
1546	305.8
1547	302.2
1548	304.0
1549	308.8
1550	306.1
1551	307.3
1552	304.4
1553	302.8
1554	303.0
1555	306.4
1556	304.1
1557	303.7
1558	307.9
1559	307.4
1560	307.3
1561	303.0
1562	302.1
1563	307.7
1564	302.6
1565	305.9
1566	312.3
1567	304.4
1568	307.5
1569	304.0
1570	304.8
1571	303.1
1572	302.0
1573	302.4
1574	306.2
1575	305.0
1576	303.9
1577	304.5
1578	308.5
1579	302.5
1580	305.9
1581	301.9
1582	305.0
1583	304.6
1584	304.3
1585	302.9
1586	307.3
1587	305.6
1588	306.6
1589	306.9
1590	304.0
1591	310.7
1592	303.8
1593	305.5
1594	302.8
1595	309.9
1596	309.4
1597	306.8
1598	303.3
1599	310.9
1600	305.1
1601	302.7
1602	304.0
1603	303.4
1604	305.7
1605	302.2
1606	302.0
1607	303.1
1608	302.0
1609	304.5
1610	304.1
1611	303.4
1612	307.6
1613	307.9
1614	307.5
1615	306.9
1616	303.0
1617	303.4
1618	303.8
1619	305.4
1620	302.7
1621	305.3
1622	303.0
1623	302.3
1624	303.0
1625	304.6
1626	303.5
1627	302.6
1628	307.2
1629	303.3
1630	302.3
1631	304.7
1632	306.7
1633	302.3
1634	308.6
1635	303.7
1636	308.4
1637	301.8
1638	304.0
1639	305.8
1640	303.0
1641	308.8
1642	309.2
1643	305.4
1644	303.9
1645	304.6
1646	303.7
1647	303.9
1648	311.4
1649	307.2
1650	305.7
1651	306.1
1652	302.6
1653	306.8
1654	303.8
1655	302.0
1656	302.8
1657	305.3
1658	304.0
1659	304.7
1660	302.3
1661	304.8
1662	305.9
1663	303.0
1664	304.1
1665	303.8
1666	304.4
1667	308.2
1668	305.5
1669	303.3
1670	304.0
1671	303.5
1672	305.1
1673	303.1
1674	303.6
1675	302.6
1676	302.2
1677	302.8
1678	304.5
1679	303.3
1680	304.0
1681	303.5
1682	305.2
1683	303.1
1684	302.0
1685	302.3
1686	301.7
1687	305.1
1688	305.3
1689	302.4
1690	308.1
1691	304.0
1692	302.9
1693	304.0
1694	307.2
1695	302.3
1696	303.8
1697	304.5
1698	304.8
1699	307.9
1700	305.8
1701	310.2
1702	302.5
1703	302.8
1704	303.3
1705	305.2
1706	305.3
1707	305.4
1708	305.3
1709	304.4
1710	305.8
1711	304.8
1712	304.9
1713	306.0
1714	306.4
1715	303.7
1716	302.7
1717	305.0
1718	310.6
1719	310.5
1720	305.2
1721	303.1
1722	302.7
1723	303.7
1724	306.5
1725	305.7
1726	302.4
1727	302.5
1728	302.3
1729	308.2
1730	302.7
1731	303.0
1732	304.3
1733	307.5
1734	302.0
1735	307.8
1736	304.9
1737	302.6
1738	302.8
1739	304.6
1740	312.1
1741	303.9
1742	303.6
1743	304.2
1744	303.3
1745	302.5
1746	303.8
1747	306.2
1748	305.8
1749	309.8
1750	302.7
1751	307.7
1752	303.4
1753	306.1
1754	303.2
1755	305.3
1756	305.0
1757	303.2
1758	307.6
1759	304.8
1760	302.1
1761	305.0
1762	306.6
1763	305.3
1764	302.3
1765	308.8
1766	302.9
1767	306.2
1768	303.0
1769	303.8
1770	307.7
1771	304.3
1772	301.8
1773	304.2
1774	304.0
1775	303.2
1776	303.3
1777	303.1
1778	304.5
1779	303.4
1780	309.0
1781	304.1
1782	303.4
1783	305.6
1784	302.7
1785	305.2
1786	306.2
1787	303.5
1788	305.5
1789	303.7
1790	302.3
1791	303.5
1792	305.2
1793	304.3
1794	307.3
1795	307.7
1796	304.7
1797	304.7
1798	306.7
1799	302.6
1800	302.7
1801	302.3
1802	302.1
1803	306.8
1804	305.5
1805	304.4
1806	302.8
1807	308.9
1808	302.8
1809	304.3
1810	311.9
1811	303.2
1812	302.1
1813	309.2
1814	302.7
1815	313.4
1816	306.8
1817	303.5
1818	303.1
1819	306.0
1820	310.2
1821	303.1
1822	303.2
1823	302.4
1824	305.3
1825	307.1
1826	303.7
1827	309.0
1828	304.2
1829	302.1
1830	309.4
1831	305.6
1832	311.4
1833	303.0
1834	306.3
1835	306.2
1836	310.2
1837	309.9
1838	302.2
1839	303.3
1840	306.9
1841	317.7
1842	303.9
1843	303.0
1844	302.4
1845	302.5
1846	302.9
1847	303.2
1848	306.2
1849	305.5
1850	304.3
1851	307.3
1852	302.8
1853	303.4
1854	302.8
1855	302.4
1856	303.8
1857	302.6
1858	303.2
1859	311.2
1860	309.3
1861	303.4
1862	306.6
1863	303.1
1864	310.0
1865	303.2
1866	305.1
1867	304.5
1868	302.8
1869	306.8
1870	305.1
1871	304.7
1872	303.8
1873	303.2
1874	312.2
1875	304.7
1876	303.8
1877	303.1
1878	305.1
1879	301.8
1880	308.7
1881	305.9
1882	302.2
1883	304.5
1884	308.1
1885	302.8
1886	302.0
1887	302.0
1888	303.8
1889	302.9
1890	305.9
1891	303.0
1892	303.6
1893	303.0
1894	303.2
1895	304.5
1896	306.4
1897	306.8
1898	303.4
1899	302.0
1900	306.0
1901	304.4
1902	302.9
1903	304.1
1904	309.0
1905	303.7
1906	307.2
1907	303.4
1908	304.5
1909	304.9
1910	304.2
1911	304.5
1912	304.3
1913	303.3
1914	304.2
1915	306.1
1916	302.7
1917	303.8
1918	305.8
1919	302.3
1920	304.3
1921	303.3
1922	302.1
1923	303.1
1924	308.9
1925	303.1
1926	302.0
1927	309.5
1928	302.5
1929	309.0
1930	302.0
1931	302.4
1932	302.5
1933	304.3
1934	306.0
1935	309.0
1936	303.3
1937	303.9
1938	304.2
1939	305.3
1940	302.1
1941	305.2
1942	305.0
1943	306.7
1944	303.0
1945	305.2
1946	304.2
1947	307.3
1948	306.2
1949	304.7
1950	315.3
1951	302.6
1952	303.7
1953	303.2
1954	303.2
1955	303.0
1956	302.8
1957	314.8
1958	302.9
1959	306.9
1960	303.9
1961	303.7
1962	303.7
1963	305.8
1964	306.3
1965	302.3
1966	304.7
1967	308.9
1968	306.1
1969	303.5
1970	303.1
1971	304.1
1972	317.4
1973	305.3
1974	303.7
1975	304.6
1976	307.4
1977	304.2
1978	303.8
1979	303.5
1980	305.9
1981	303.4
1982	305.4
1983	304.1
1984	305.6
1985	303.4
1986	303.4
1987	303.5
1988	305.7
1989	303.9
1990	314.7
1991	302.3
1992	306.2
1993	304.0
1994	303.1
1995	301.8
1996	302.6
1997	301.9
1998	303.0
1999	303.3
2000	312.8
2001	303.5
2002	304.0
2003	303.0
2004	302.5
2005	304.3
2006	304.7
2007	303.9
2008	306.9
2009	304.5
2010	302.8
2011	306.6
2012	303.2
2013	303.0
2014	303.3
2015	304.7
2016	311.8
2017	306.7
2018	305.5
2019	303.0
2020	303.9
2021	307.9
2022	307.7
2023	304.2
2024	302.9
2025	305.8
2026	302.4
2027	307.0
2028	302.0
2029	304.9
2030	305.2
2031	309.5
2032	302.9
2033	303.2
2034	304.7
2035	304.1
2036	308.0
2037	302.0
2038	302.7
2039	305.0
2040	306.4
2041	307.1
2042	305.8
2043	304.5
2044	303.9
2045	303.4
2046	305.6
2047	305.2
2048	307.9
2049	304.9
2050	310.0
2051	310.2
2052	303.4
2053	302.3
2054	302.8
2055	303.7
2056	303.9
2057	302.3
2058	303.0
2059	303.1
2060	315.0
2061	305.0
2062	305.6
2063	307.2
2064	302.3
2065	307.8
2066	302.0
2067	305.0
2068	312.9
2069	305.4
2070	302.0
2071	305.0
2072	303.5
2073	309.0
2074	302.9
2075	304.5
2076	303.6
2077	305.5
2078	304.8
2079	302.0
2080	303.9
2081	302.6
2082	309.2
2083	303.0
2084	303.2
2085	311.9
2086	305.1
2087	305.2
2088	302.0
2089	306.9
2090	302.8
2091	304.2
2092	306.0
2093	302.2
2094	307.8
2095	302.8
2096	302.1
2097	307.1
2098	310.2
2099	303.8
2100	307.1
2101	306.1
2102	303.6
2103	307.7
2104	305.4
2105	302.3
2106	302.2
2107	303.6
2108	312.1
2109	307.8
2110	301.8
2111	305.9
2112	304.9
2113	304.0
2114	305.9
2115	301.8
2116	304.1
2117	308.0
2118	305.8
2119	304.6
2120	303.1
2121	304.0
2122	303.0
2123	303.0
2124	304.2
2125	302.8
2126	306.3
2127	310.0
2128	304.1
2129	304.1
2130	307.2
2131	304.4
2132	306.6
2133	309.2
2134	302.8
2135	302.8
2136	304.1
2137	305.2
2138	302.9
2139	306.9
2140	307.3
2141	302.9
2142	310.5
2143	304.1
2144	304.3
2145	301.9
2146	301.9
2147	307.3
2148	302.8
2149	303.5
2150	305.1
2151	305.5
2152	304.9
2153	305.0
2154	304.5
2155	302.5
2156	302.8
2157	303.4
2158	302.1
2159	308.1
2160	304.1
2161	304.0
2162	304.3
2163	302.0
2164	302.1
2165	305.9
2166	302.5
2167	302.9
2168	309.2
2169	303.3
2170	303.5
2171	303.0
2172	314.4
2173	304.2
2174	306.1
2175	304.0
2176	303.1
2177	306.0
2178	304.7
2179	308.2
2180	303.5
2181	302.8
2182	303.5
2183	302.6
2184	303.3
2185	305.2
2186	302.1
2187	307.5
2188	302.1
2189	308.1
2190	302.3
2191	303.9
2192	303.2
2193	310.4
2194	303.5
2195	310.4
2196	303.0
2197	302.7
2198	305.3
2199	301.9
2200	305.2
2201	302.0
2202	303.7
2203	308.5
2204	303.1
2205	306.4
2206	303.2
2207	303.9
2208	301.9
2209	306.6
2210	311.4
2211	304.3
2212	302.1
2213	304.2
2214	307.1
2215	302.7
2216	304.6
2217	301.7
2218	307.2
2219	303.2
2220	303.1
2221	304.2
2222	302.5
2223	307.9
2224	303.5
2225	306.8
2226	303.8
2227	311.7
2228	303.6
2229	302.1
2230	306.7
2231	304.0
2232	306.5
2233	305.3
2234	305.9
2235	309.8
2236	301.9
2237	304.6
2238	303.9
2239	303.6
2240	303.7
2241	302.2
2242	304.1
2243	307.0
2244	305.3
2245	303.0
2246	303.7
2247	306.7
2248	302.0
2249	307.5
2250	302.7
2251	302.5
2252	306.6
2253	301.9
2254	309.3
2255	306.6
2256	314.2
2257	302.6
2258	305.6
2259	302.3
2260	303.5
2261	308.9
2262	304.5
2263	302.2
2264	305.2
2265	303.6
2266	311.9
2267	304.4
2268	302.4
2269	302.2
2270	303.7
2271	304.6
2272	310.9
2273	306.6
2274	308.0
2275	302.4
2276	304.9
2277	305.5
2278	305.1
2279	303.0
2280	301.9
2281	312.0
2282	306.6
2283	302.5
2284	302.1
2285	302.8
2286	305.3
2287	305.7
2288	303.0
2289	305.1
2290	303.7
2291	304.8
2292	308.6
2293	302.7
2294	302.0
2295	302.7
2296	301.9
2297	301.8
2298	303.4
2299	303.1
2300	306.2
2301	303.7
2302	310.6
2303	303.1
2304	303.1
2305	306.0
2306	301.8
2307	302.5
2308	304.8
2309	306.1
2310	302.9
2311	302.3
2312	304.8
2313	306.4
2314	303.9
2315	304.2
2316	304.1
2317	304.1
2318	304.6
2319	310.8
2320	305.3
2321	302.0
2322	302.6
2323	303.1
2324	306.4
2325	304.4
2326	302.9
2327	309.0
2328	301.9
2329	304.6
2330	303.3
2331	307.6
2332	304.3
2333	302.8
2334	304.5
2335	303.9
2336	306.0
2337	302.3
2338	305.5
2339	304.8
2340	304.4
2341	306.7
2342	303.1
2343	306.7
2344	303.7
2345	308.0
2346	303.9
2347	306.9
2348	306.5
2349	303.8
2350	305.8
2351	309.0
2352	306.9
2353	305.9
2354	304.1
2355	303.5
2356	301.9
2357	302.6
2358	305.4
2359	304.3
2360	310.8
2361	302.0
2362	309.6
2363	302.5
2364	309.6
2365	303.1
2366	301.8
2367	302.0
2368	309.2
2369	304.9
2370	308.0
2371	304.8
2372	308.8
2373	303.4
2374	303.7
2375	303.2
2376	308.7
2377	307.5
2378	305.7
2379	303.9
2380	303.6
2381	303.2
2382	302.1
2383	302.6
2384	302.9
2385	302.9
2386	302.6
2387	303.8
2388	308.6
2389	307.0
2390	302.9
2391	304.9
2392	311.1
2393	305.4
2394	301.9
2395	309.0
2396	302.8
2397	308.9
2398	303.0
2399	303.4
2400	302.6
2401	306.3
2402	303.7
2403	308.0
2404	304.3
2405	303.1
2406	304.5
2407	303.3
2408	304.5
2409	305.9
2410	304.1
2411	308.8
2412	307.2
2413	305.5
2414	302.9
2415	305.7
2416	307.0
2417	301.8
2418	310.8
2419	306.3
2420	305.0
2421	302.8
2422	305.9
2423	303.4
2424	307.5
2425	310.4
2426	307.8
2427	304.8
2428	303.3
2429	302.5
2430	306.6
2431	307.8
2432	303.6
2433	304.8
2434	303.0
2435	302.5
2436	309.8
2437	305.4
2438	304.0
2439	303.4
2440	303.5
2441	302.5
2442	305.1
2443	307.2
2444	304.9
2445	303.7
2446	304.8
2447	308.7
2448	305.6
2449	303.5
2450	306.8
2451	302.0
2452	303.6
2453	307.8
2454	307.0
2455	303.9
2456	302.5
2457	310.4
2458	304.1
2459	302.2
2460	306.1
2461	302.3
2462	302.4
2463	304.2
2464	302.4
2465	303.8
2466	304.2
2467	303.0
2468	304.9
2469	303.3
2470	303.2
2471	302.3
2472	303.4
2473	308.4
2474	311.9
2475	304.4
2476	303.7
2477	303.2
2478	309.9
2479	303.8
2480	304.2
2481	303.5
2482	306.5
2483	303.8
2484	303.1
2485	304.2
2486	304.4
2487	301.9
2488	303.5
2489	305.9
2490	307.2
2491	303.2
2492	302.6
2493	302.2
2494	302.7
2495	301.8
2496	304.5
2497	308.5
2498	302.4
2499	305.1
2500	303.4
2501	307.2
2502	302.9
2503	312.0
2504	303.0
2505	307.9
2506	309.9
2507	303.6
2508	302.9
2509	303.7
2510	302.4
2511	306.3
2512	317.5
2513	306.9
2514	306.1
2515	306.1
2516	304.8
2517	310.7
2518	306.5
2519	303.8
2520	302.8
2521	304.3
2522	304.4
2523	302.2
2524	304.0
2525	306.7
2526	304.9
2527	305.1
2528	304.3
2529	305.3
2530	302.6
2531	301.8
2532	306.9
2533	302.9
2534	302.3
2535	306.2
2536	303.6
2537	303.0
2538	303.4
2539	303.3
2540	302.7
2541	302.2
2542	303.3
2543	305.3
2544	307.0
2545	303.4
2546	305.6
2547	304.5
2548	301.8
2549	304.5
2550	302.5
2551	304.5
2552	306.9
2553	301.9
2554	306.3
2555	305.1
2556	304.0
2557	307.9
2558	305.0
2559	304.1
2560	312.8
2561	302.4
2562	303.8
2563	302.8
2564	305.0
2565	315.3
2566	304.2
2567	307.1
2568	305.7
2569	302.0
2570	302.8
2571	303.0
2572	303.2
2573	303.1
2574	303.4
2575	302.2
2576	303.5
2577	303.6
2578	306.4
2579	302.0
2580	303.1
2581	302.9
2582	306.2
2583	304.6
2584	305.3
2585	302.8
2586	302.4
2587	305.1
2588	303.7
2589	308.6
2590	303.3
2591	303.3
2592	302.7
2593	304.3
2594	304.5
2595	304.7
2596	303.1
2597	302.1
2598	302.4
2599	303.0
2600	308.4
2601	307.3
2602	303.0
2603	302.5
2604	312.9
2605	307.5
2606	302.5
2607	301.9
2608	303.5
2609	305.5
2610	302.6
2611	303.0
2612	303.7
2613	301.9
2614	313.1
2615	305.3
2616	305.0
2617	304.9
2618	302.5
2619	306.0
2620	310.2
2621	305.3
2622	304.5
2623	304.0
2624	305.6
2625	308.3
2626	303.9
2627	304.8
2628	303.7
2629	304.1
2630	310.5
2631	305.4
2632	302.0
2633	302.7
2634	304.3
2635	311.2
2636	302.7
2637	311.1
2638	307.3
2639	303.2
2640	303.9
2641	303.7
2642	303.8
2643	306.8
2644	302.2
2645	303.1
2646	302.1
2647	304.8
2648	304.9
2649	302.8
2650	304.9
2651	308.6
2652	303.1
2653	306.6
2654	302.4
2655	304.0
2656	302.9
2657	303.8
2658	308.5
2659	303.6
2660	304.7
2661	305.3
2662	305.3
2663	303.0
2664	302.8
2665	306.3
2666	305.3
2667	308.9
2668	302.8
2669	303.0
2670	307.7
2671	302.1
2672	303.0
2673	302.7
2674	302.9
2675	304.8
2676	308.1
2677	304.8
2678	302.6
2679	304.2
2680	303.5
2681	303.7
2682	309.7
2683	304.1
2684	307.2
2685	303.2
2686	301.9
2687	305.0
2688	305.4
2689	308.9
2690	306.8
2691	306.6
2692	305.8
2693	306.4
2694	307.1
2695	303.5
2696	303.1
2697	302.7
2698	304.0
2699	304.1
2700	302.1
2701	303.0
2702	303.6
2703	303.8
2704	306.3
2705	304.0
2706	305.3
2707	305.7
2708	302.7
2709	302.6
2710	305.8
2711	302.7
2712	308.4
2713	304.0
2714	304.4
2715	306.9
2716	304.8
2717	302.7
2718	303.7
2719	301.8
2720	306.0
2721	302.6
2722	305.0
2723	307.2
2724	302.4
2725	303.8
2726	303.9
2727	304.9
2728	302.5
2729	305.7
2730	304.7
2731	302.4
2732	302.8
2733	309.0
2734	304.4
2735	302.8
2736	305.7
2737	307.0
2738	303.0
2739	304.4
2740	302.7
2741	306.8
2742	307.3
2743	304.9
2744	304.7
2745	305.1
2746	303.1
2747	306.5
2748	308.9
2749	303.4
2750	303.7
2751	305.4
2752	307.8
2753	309.1
2754	310.6
2755	304.7
2756	303.8
2757	304.7
2758	306.0
2759	304.4
2760	305.0
2761	306.0
2762	302.2
2763	304.1
2764	302.6
2765	304.5
2766	305.0
2767	306.1
2768	307.4
2769	305.9
2770	303.5
2771	310.0
2772	303.0
2773	314.8
2774	304.7
2775	305.3
2776	306.4
2777	305.9
2778	301.8
2779	303.7
2780	302.2
2781	304.1
2782	304.7
2783	302.5
2784	304.2
2785	305.4
2786	303.1
2787	303.2
2788	303.1
2789	304.4
2790	304.3
2791	306.6
2792	306.4
2793	303.7
2794	302.7
2795	305.6
2796	301.9
2797	305.9
2798	301.9
2799	304.9
2800	302.3
2801	307.8
2802	303.0
2803	301.9
2804	306.0
2805	304.3
2806	302.4
2807	303.6
2808	306.2
2809	306.3
2810	303.7
2811	305.6
2812	302.6
2813	304.9
2814	302.0
2815	302.9
2816	304.1
2817	303.9
2818	304.6
2819	305.9
2820	301.8
2821	303.8
2822	310.5
2823	305.0
2824	305.7
2825	306.7
2826	302.5
2827	303.9
2828	307.4
2829	306.9
2830	303.9
2831	314.3
2832	302.6
2833	307.6
2834	301.9
2835	301.9
2836	303.2
2837	304.5
2838	302.2
2839	305.0
2840	303.5
2841	302.3
2842	305.7
2843	303.4
2844	302.5
2845	303.3
2846	312.9
2847	312.5
2848	303.7
2849	303.6
2850	314.0
2851	303.0
2852	307.9
2853	306.5
2854	303.8
2855	309.8
2856	304.3
2857	303.9
2858	302.3
2859	302.4
2860	306.5
2861	304.8
2862	306.0
2863	304.0
2864	302.7
2865	305.8
2866	303.2
2867	305.3
2868	304.0
2869	303.7
2870	307.4
2871	305.3
2872	306.6
2873	303.5
2874	305.5
2875	303.1
2876	302.3
2877	304.9
2878	302.9
2879	312.0
2880	306.0
2881	302.1
2882	303.8
2883	308.2
2884	306.9
2885	303.4
2886	304.2
2887	304.5
2888	310.5
2889	308.5
2890	306.0
2891	304.6
2892	303.5
2893	305.9
2894	304.4
2895	311.0
2896	311.1
2897	303.0
2898	303.6
2899	305.5
2900	301.8
2901	312.6
2902	304.3
2903	306.3
2904	316.3
2905	303.3
2906	303.9
2907	303.0
2908	305.9
2909	307.4
2910	304.9
2911	303.0
2912	310.1
2913	304.0
2914	307.4
2915	304.5
2916	305.8
2917	302.0
2918	305.4
2919	305.1
2920	303.1
2921	303.0
2922	307.6
2923	302.5
2924	303.0
2925	304.0
2926	302.8
2927	304.3
2928	303.2
2929	305.1
2930	302.4
2931	304.3
2932	302.6
2933	305.4
2934	304.3
2935	303.4
2936	304.0
2937	306.1
2938	305.9
2939	309.0
2940	302.9
2941	303.9
2942	309.7
2943	307.5
2944	302.4
2945	302.8
2946	302.2
2947	304.6
2948	302.1
2949	302.4
2950	302.4
2951	304.3
2952	306.5
2953	304.7
2954	302.1
2955	302.0
2956	304.2
2957	306.4
2958	309.8
2959	304.0
2960	313.9
2961	309.2
2962	303.4
2963	304.7
2964	302.7
2965	306.4
2966	303.9
2967	302.6
2968	303.9
2969	314.9
2970	306.8
2971	304.2
2972	306.9
2973	306.3
2974	313.5
2975	304.2
2976	303.4
2977	304.5
2978	303.2
2979	306.2
2980	307.5
2981	304.9
2982	305.4
2983	305.1
2984	309.1
2985	304.3
2986	302.7
2987	302.6
2988	302.0
2989	303.6
2990	309.0
2991	302.1
2992	304.2
2993	303.3
2994	302.5
2995	305.8
2996	302.1
2997	305.6
2998	304.1
2999	302.9
3000	303.0
1001	0.4718
1002	0.479
1003	0.3888
1004	0.494
1005	0.4702
1006	0.4268
1007	0.4603
1008	0.5893
1009	0.4908
1010	0.44
1011	0.4661
1012	0.4792
1013	0.3992
1014	0.5706
1015	0.4706
1016	0.4281
1017	0.4579
1018	0.4167
1019	0.5076
1020	0.4423
1021	0.4396
1022	0.3725
1023	0.3931
1024	0.4224
1025	0.4895
1026	0.4598
1027	0.4389
1028	0.4523
1029	0.5526
1030	0.3729
1031	0.5154
1032	0.4996
1033	0.4826
1034	0.5221
1035	0.4521
1036	0.4963
1037	0.4317
1038	0.4797
1039	0.4614
1040	0.4723
1041	0.4516
1042	0.4607
1043	0.4794
1044	0.4894
1045	0.4751
1046	0.4734
1047	0.4804
1048	0.4258
1049	0.5369
1050	0.4428
1051	0.4702
1052	0.4182
1053	0.4901
1054	0.4499
1055	0.4065
1056	0.5171
1057	0.3919
1058	0.4256
1059	0.3879
1060	0.4277
1061	0.4878
1062	0.407
1063	0.5048
1064	0.5107
1065	0.4148
1066	0.4687
1067	0.4517
1068	0.4609
1069	0.4728
1070	0.5277
1071	0.3924
1072	0.4262
1073	0.5027
1074	0.4994
1075	0.4942
1076	0.4047
1077	0.4839
1078	0.4025
1079	0.4801
1080	0.4069
1081	0.4175
1082	0.4927
1083	0.523
1084	0.4066
1085	0.5435
1086	0.4844
1087	0.4896
1088	0.3957
1089	0.4437
1090	0.4579
1091	0.4483
1092	0.4957
1093	0.4548
1094	0.4482
1095	0.4806
1096	0.5737
1097	0.4148
1098	0.4417
1099	0.4154
1100	0.4612
1101	0.5235
1102	0.4636
1103	0.5183
1104	0.5201
1105	0.4598
1106	0.3907
1107	0.5351
1108	0.4058
1109	0.5625
1110	0.4595
1111	0.4563
1112	0.519
1113	0.4389
1114	0.5335
1115	0.4445
1116	0.4132
1117	0.3986
1118	0.4859
1119	0.4296
1120	0.4864
1121	0.4585
1122	0.4003
1123	0.5262
1124	0.4363
1125	0.4246
1126	0.3996
1127	0.4463
1128	0.528
1129	0.4344
1130	0.5335
1131	0.3723
1132	0.5377
1133	0.4415
1134	0.3904
1135	0.4811
1136	0.3712
1137	0.4288
1138	0.4296
1139	0.4713
1140	0.4172
1141	0.4629
1142	0.4879
1143	0.4637
1144	0.4483
1145	0.4782
1146	0.5415
1147	0.4092
1148	0.5635
1149	0.502
1150	0.4596
1151	0.4873
1152	0.4699
1153	0.4164
1154	0.4904
1155	0.4696
1156	0.512
1157	0.4576
1158	0.5352
1159	0.5026
1160	0.5434
1161	0.4673
1162	0.3928
1163	0.4625
1164	0.4419
1165	0.4614
1166	0.4039
1167	0.474
1168	0.5161
1169	0.4386
1170	0.4315
1171	0.4271
1172	0.4292
1173	0.508
1174	0.4889
1175	0.4171
1176	0.4957
1177	0.4513
1178	0.5004
1179	0.4991
1180	0.4659
1181	0.4561
1182	0.4408
1183	0.4576
1184	0.4495
1185	0.4711
1186	0.5367
1187	0.4881
1188	0.4768
1189	0.4917
1190	0.5883
1191	0.5283
1192	0.504
1193	0.4721
1194	0.5153
1195	0.475
1196	0.4367
1197	0.4123
1198	0.425
1199	0.4815
1200	0.4838
1201	0.5425
1202	0.4428
1203	0.3924
1204	0.5706
1205	0.4789
1206	0.5072
1207	0.4494
1208	0.4167
1209	0.5815
1210	0.4339
1211	0.4398
1212	0.4713
1213	0.4649
1214	0.3942
1215	0.3679
1216	0.5003
1217	0.4727
1218	0.5141
1219	0.6312
1220	0.4674
1221	0.4945
1222	0.4122
1223	0.3934
1224	0.4269
1225	0.4013
1226	0.4874
1227	0.523
1228	0.3685
1229	0.3396
1230	0.4361
1231	0.4634
1232	0.3889
1233	0.4511
1234	0.414
1235	0.3998
1236	0.5184
1237	0.374
1238	0.408
1239	0.4034
1240	0.3941
1241	0.385
1242	0.5355
1243	0.4601
1244	0.4456
1245	0.4025
1246	0.4245
1247	0.5037
1248	0.4699
1249	0.4846
1250	0.4688
1251	0.4285
1252	0.3586
1253	0.4187
1254	0.3961
1255	0.423
1256	0.4156
1257	0.4972
1258	0.4125
1259	0.4173
1260	0.4262
1261	0.448
1262	0.4302
1263	0.3722
1264	0.4628
1265	0.3713
1266	0.5595
1267	0.4847
1268	0.5607
1269	0.4749
1270	0.4974
1271	0.4983
1272	0.4346
1273	0.4249
1274	0.5168
1275	0.4246
1276	0.3958
1277	0.5113
1278	0.5304
1279	0.3938
1280	0.4174
1281	0.4664
1282	0.5438
1283	0.3683
1284	0.544
1285	0.4125
1286	0.5158
1287	0.4621
1288	0.4936
1289	0.4696
1290	0.4255
1291	0.4865
1292	0.466
1293	0.4433
1294	0.5078
1295	0.4936
1296	0.6094
1297	0.439
1298	0.4226
1299	0.3694
1300	0.4103
1301	0.3466
1302	0.4495
1303	0.4082
1304	0.3813
1305	0.508
1306	0.4069
1307	0.4575
1308	0.4627
1309	0.4208
1310	0.5635
1311	0.4904
1312	0.4759
1313	0.432
1314	0.4114
1315	0.4467
1316	0.3645
1317	0.4494
1318	0.4325
1319	0.4382
1320	0.4814
1321	0.4243
1322	0.4277
1323	0.5279
1324	0.4707
1325	0.4603
1326	0.4016
1327	0.41
1328	0.5309
1329	0.4592
1330	0.4387
1331	0.5132
1332	0.5998
1333	0.5101
1334	0.377
1335	0.4433
1336	0.4781
1337	0.5629
1338	0.3955
1339	0.4868
1340	0.3882
1341	0.5655
1342	0.444
1343	0.4206
1344	0.3737
1345	0.5021
1346	0.4344
1347	0.47
1348	0.5046
1349	0.4362
1350	0.3926
1351	0.496
1352	0.4226
1353	0.4765
1354	0.4023
1355	0.4894
1356	0.4223
1357	0.4498
1358	0.4832
1359	0.4353
1360	0.4694
1361	0.4907
1362	0.4946
1363	0.4158
1364	0.5494
1365	0.3718
1366	0.4409
1367	0.5081
1368	0.5014
1369	0.4811
1370	0.6421
1371	0.5869
1372	0.4921
1373	0.4858
1374	0.4407
1375	0.5621
1376	0.5024
1377	0.5613
1378	0.5808
1379	0.4448
1380	0.4294
1381	0.4436
1382	0.5218
1383	0.489
1384	0.6616
1385	0.5114
1386	0.4488
1387	0.3791
1388	0.4799
1389	0.4364
1390	0.5283
1391	0.435
1392	0.4846
1393	0.4021
1394	0.4741
1395	0.4484
1396	0.4679
1397	0.3894
1398	0.5598
1399	0.4449
1400	0.468
1401	0.4278
1402	0.4844
1403	0.5289
1404	0.4705
1405	0.5393
1406	0.4634
1407	0.4547
1408	0.5917
1409	0.4973
1410	0.4963
1411	0.5271
1412	0.3854
1413	0.5809
1414	0.4686
1415	0.4127
1416	0.4264
1417	0.5118
1418	0.4203
1419	0.4398
1420	0.5281
1421	0.4741
1422	0.4974
1423	0.594
1424	0.467
1425	0.4347
1426	0.5438
1427	0.3851
1428	0.3539
1429	0.4647
1430	0.4874
1431	0.4129
1432	0.5019
1433	0.4538
1434	0.4023
1435	0.4566
1436	0.4155
1437	0.4108
1438	0.5341
1439	0.5062
1440	0.4075
1441	0.3937
1442	0.4298
1443	0.6099
1444	0.3552
1445	0.509
1446	0.4541
1447	0.4911
1448	0.4282
1449	0.4141
1450	0.5346
1451	0.4811
1452	0.4098
1453	0.422
1454	0.4224
1455	0.526
1456	0.4369
1457	0.3925
1458	0.5505
1459	0.4621
1460	0.3781
1461	0.402
1462	0.3933
1463	0.5007
1464	0.3852
1465	0.5313
1466	0.3711
1467	0.4368
1468	0.3939
1469	0.4358
1470	0.3791
1471	0.5663
1472	0.3934
1473	0.4278
1474	0.5235
1475	0.4231
1476	0.4201
1477	0.4371
1478	0.4035
1479	0.3837
1480	0.4808
1481	0.5754
1482	0.4636
1483	0.3985
1484	0.3856
1485	0.4216
1486	0.4589
1487	0.4552
1488	0.4688
1489	0.4763
1490	0.4479
1491	0.4824
1492	0.3949
1493	0.4584
1494	0.3729
1495	0.3807
1496	0.5059
1497	0.4813
1498	0.4704
1499	0.4533
1500	0.5181
1501	0.5549
1502	0.3195
1503	0.4299
1504	0.3761
1505	0.4868
1506	0.4012
1507	0.3761
1508	0.4426
1509	0.4945
1510	0.4304
1511	0.4448
1512	0.4575
1513	0.5135
1514	0.4811
1515	0.3945
1516	0.4017
1517	0.3949
1518	0.416
1519	0.3594
1520	0.4524
1521	0.4639
1522	0.4455
1523	0.4414
1524	0.5042
1525	0.4088
1526	0.3953
1527	0.4441
1528	0.4204
1529	0.5124
1530	0.4087
1531	0.4633
1532	0.4703
1533	0.4131
1534	0.3795
1535	0.4558
1536	0.4822
1537	0.4629
1538	0.5682
1539	0.476
1540	0.4685
1541	0.4682
1542	0.5169
1543	0.3998
1544	0.4583
1545	0.42
1546	0.4838
1547	0.4332
1548	0.386
1549	0.4342
1550	0.4259
1551	0.3504
1552	0.428
1553	0.4023
1554	0.4447
1555	0.4857
1556	0.413
1557	0.4035
1558	0.4894
1559	0.5859
1560	0.5294
1561	0.4973
1562	0.4247
1563	0.4328
1564	0.4783
1565	0.5253
1566	0.4547
1567	0.385
1568	0.5488
1569	0.5266
1570	0.5382
1571	0.4856
1572	0.4649
1573	0.4835
1574	0.5589
1575	0.4421
1576	0.4069
1577	0.4785
1578	0.5318
1579	0.4241
1580	0.4636
1581	0.4478
1582	0.4344
1583	0.4699
1584	0.5235
1585	0.4547
1586	0.3662
1587	0.4695
1588	0.4474
1589	0.5463
1590	0.5237
1591	0.6048
1592	0.3933
1593	0.5192
1594	0.4019
1595	0.4139
1596	0.3725
1597	0.4042
1598	0.4
1599	0.581
1600	0.3868
1601	0.4938
1602	0.429
1603	0.4409
1604	0.4237
1605	0.4378
1606	0.4723
1607	0.4123
1608	0.4354
1609	0.3938
1610	0.4378
1611	0.5009
1612	0.5888
1613	0.4904
1614	0.6006
1615	0.5339
1616	0.4593
1617	0.3976
1618	0.5029
1619	0.4101
1620	0.494
1621	0.4095
1622	0.3967
1623	0.4517
1624	0.4896
1625	0.4973
1626	0.4298
1627	0.4136
1628	0.5119
1629	0.456
1630	0.4508
1631	0.4716
1632	0.4682
1633	0.4214
1634	0.5673
1635	0.4018
1636	0.4507
1637	0.4591
1638	0.4603
1639	0.5591
1640	0.4368
1641	0.3698
1642	0.61
1643	0.4782
1644	0.4315
1645	0.4562
1646	0.5167
1647	0.4887
1648	0.5075
1649	0.5485
1650	0.4196
1651	0.5415
1652	0.4462
1653	0.5592
1654	0.4696
1655	0.471
1656	0.4377
1657	0.5498
1658	0.4277
1659	0.4836
1660	0.4844
1661	0.3938
1662	0.522
1663	0.4187
1664	0.4279
1665	0.3989
1666	0.4457
1667	0.3923
1668	0.4786
1669	0.4221
1670	0.4245
1671	0.4514
1672	0.5062
1673	0.4215
1674	0.5062
1675	0.4207
1676	0.4559
1677	0.4764
1678	0.3911
1679	0.4644
1680	0.5376
1681	0.4299
1682	0.4499
1683	0.4436
1684	0.4733
1685	0.4262
1686	0.4533
1687	0.4934
1688	0.3666
1689	0.4482
1690	0.4735
1691	0.4412
1692	0.5082
1693	0.4659
1694	0.5316
1695	0.4192
1696	0.4971
1697	0.4947
1698	0.5527
1699	0.3872
1700	0.3588
1701	0.4442
1702	0.4608
1703	0.4834
1704	0.5103
1705	0.5421
1706	0.5146
1707	0.5373
1708	0.539
1709	0.4453
1710	0.4517
1711	0.4726
1712	0.4492
1713	0.5208
1714	0.5282
1715	0.4748
1716	0.4403
1717	0.4109
1718	0.6249
1719	0.5496
1720	0.5567
1721	0.5176
1722	0.4501
1723	0.4364
1724	0.3606
1725	0.5195
1726	0.4628
1727	0.4248
1728	0.4614
1729	0.382
1730	0.4223
1731	0.4355
1732	0.4756
1733	0.4537
1734	0.4273
1735	0.3839
1736	0.3752
1737	0.446
1738	0.5061
1739	0.5208
1740	0.5756
1741	0.4189
1742	0.4535
1743	0.5347
1744	0.4178
1745	0.4692
1746	0.482
1747	0.3699
1748	0.4999
1749	0.5228
1750	0.4014
1751	0.4604
1752	0.4226
1753	0.4494
1754	0.4626
1755	0.4253
1756	0.3803
1757	0.4492
1758	0.5566
1759	0.3838
1760	0.4333
1761	0.5334
1762	0.3903
1763	0.4987
1764	0.4566
1765	0.373
1766	0.5047
1767	0.4397
1768	0.5002
1769	0.4842
1770	0.517
1771	0.3855
1772	0.4561
1773	0.4383
1774	0.3887
1775	0.4735
1776	0.5087
1777	0.401
1778	0.3935
1779	0.4303
1780	0.5247
1781	0.5083
1782	0.5111
1783	0.4527
1784	0.4551
1785	0.4328
1786	0.3707
1787	0.4207
1788	0.4211
1789	0.4145
1790	0.4748
1791	0.484
1792	0.5567
1793	0.5359
1794	0.5589
1795	0.4519
1796	0.5407
1797	0.4098
1798	0.5627
1799	0.4245
1800	0.4847
1801	0.4576
1802	0.461
1803	0.4052
1804	0.5413
1805	0.4579
1806	0.4011
1807	0.3594
1808	0.4151
1809	0.4588
1810	0.5906
1811	0.4452
1812	0.482
1813	0.3941
1814	0.4773
1815	0.3334
1816	0.4418
1817	0.4795
1818	0.4469
1819	0.4444
1820	0.5422
1821	0.4284
1822	0.445
1823	0.4474
1824	0.405
1825	0.4164
1826	0.5098
1827	0.612
1828	0.4386
1829	0.4639
1830	0.5629
1831	0.3686
1832	0.5582
1833	0.4636
1834	0.4424
1835	0.4683
1836	0.3625
1837	0.3392
1838	0.4431
1839	0.5159
1840	0.5083
1841	0.5217
1842	0.3887
1843	0.4138
1844	0.4791
1845	0.4992
1846	0.4454
1847	0.5183
1848	0.552
1849	0.5574
1850	0.5439
1851	0.4962
1852	0.471
1853	0.4974
1854	0.4542
1855	0.4221
1856	0.49
1857	0.415
1858	0.5132
1859	0.5471
1860	0.4866
1861	0.4596
1862	0.3736
1863	0.4023
1864	0.6333
1865	0.4719
1866	0.5192
1867	0.5195
1868	0.4632
1869	0.4245
1870	0.5374
1871	0.4542
1872	0.5132
1873	0.4045
1874	0.5197
1875	0.4477
1876	0.3873
1877	0.452
1878	0.4368
1879	0.4547
1880	0.4854
1881	0.4007
1882	0.4325
1883	0.394
1884	0.5763
1885	0.4737
1886	0.4487
1887	0.4269
1888	0.4605
1889	0.4686
1890	0.5463
1891	0.4384
1892	0.4312
1893	0.501
1894	0.403
1895	0.3977
1896	0.568
1897	0.5305
1898	0.5012
1899	0.4713
1900	0.3665
1901	0.5185
1902	0.4156
1903	0.3954
1904	0.3655
1905	0.5284
1906	0.5752
1907	0.4782
1908	0.3944
1909	0.4916
1910	0.4488
1911	0.4898
1912	0.3779
1913	0.5032
1914	0.4582
1915	0.4364
1916	0.4684
1917	0.43
1918	0.5595
1919	0.4151
1920	0.4719
1921	0.4943
1922	0.4303
1923	0.4198
1924	0.4868
1925	0.4463
1926	0.4376
1927	0.4242
1928	0.4727
1929	0.5537
1930	0.4391
1931	0.4434
1932	0.4578
1933	0.4098
1934	0.4201
1935	0.4885
1936	0.4368
1937	0.4256
1938	0.3835
1939	0.5631
1940	0.4459
1941	0.4912
1942	0.5388
1943	0.3834
1944	0.3985
1945	0.3698
1946	0.4553
1947	0.3518
1948	0.4954
1949	0.4885
1950	0.5292
1951	0.491
1952	0.473
1953	0.4707
1954	0.477
1955	0.4356
1956	0.5011
1957	0.5178
1958	0.4886
1959	0.5747
1960	0.402
1961	0.416
1962	0.4412
1963	0.3684
1964	0.4535
1965	0.4364
1966	0.4603
1967	0.6225
1968	0.4603
1969	0.4203
1970	0.4059
1971	0.444
1972	0.5797
1973	0.5239
1974	0.4033
1975	0.4529
1976	0.5281
1977	0.4288
1978	0.5064
1979	0.4585
1980	0.5338
1981	0.4942
1982	0.4505
1983	0.4652
1984	0.477
1985	0.4217
1986	0.4424
1987	0.4518
1988	0.4896
1989	0.5021
1990	0.6471
1991	0.482
1992	0.3769
1993	0.4502
1994	0.4284
1995	0.4583
1996	0.4362
1997	0.4292
1998	0.45
1999	0.4795
2000	0.3793
2001	0.421
2002	0.4554
2003	0.3998
2004	0.4198
2005	0.4641
2006	0.5118
2007	0.4503
2008	0.3706
2009	0.4848
2010	0.5041
2011	0.4529
2012	0.5024
2013	0.4172
2014	0.4338
2015	0.5533
2016	0.3352
2017	0.4301
2018	0.421
2019	0.4605
2020	0.4921
2021	0.4349
2022	0.5329
2023	0.5237
2024	0.4604
2025	0.4602
2026	0.4907
2027	0.5587
2028	0.4366
2029	0.541
2030	0.5292
2031	0.3695
2032	0.4858
2033	0.496
2034	0.4982
2035	0.4913
2036	0.5323
2037	0.4481
2038	0.4276
2039	0.5524
2040	0.4126
2041	0.3964
2042	0.5158
2043	0.4984
2044	0.5068
2045	0.502
2046	0.4571
2047	0.5581
2048	0.3535
2049	0.468
2050	0.4009
2051	0.3521
2052	0.5064
2053	0.4678
2054	0.5003
2055	0.5103
2056	0.4959
2057	0.4195
2058	0.4658
2059	0.4832
2060	0.5938
2061	0.4459
2062	0.3698
2063	0.5756
2064	0.4243
2065	0.4654
2066	0.4303
2067	0.5493
2068	0.6226
2069	0.5617
2070	0.4335
2071	0.3826
2072	0.3902
2073	0.5318
2074	0.4454
2075	0.5099
2076	0.5216
2077	0.5161
2078	0.3884
2079	0.474
2080	0.4693
2081	0.4867
2082	0.4926
2083	0.4666
2084	0.4954
2085	0.4395
2086	0.5455
2087	0.5365
2088	0.4578
2089	0.4518
2090	0.4743
2091	0.4967
2092	0.4562
2093	0.4375
2094	0.3745
2095	0.4978
2096	0.4493
2097	0.4002
2098	0.6137
2099	0.425
2100	0.5216
2101	0.4429
2102	0.4754
2103	0.4189
2104	0.4855
2105	0.4465
2106	0.4559
2107	0.5286
2108	0.4858
2109	0.3424
2110	0.4641
2111	0.3662
2112	0.4499
2113	0.4683
2114	0.4403
2115	0.4457
2116	0.5002
2117	0.4521
2118	0.5511
2119	0.4755
2120	0.4675
2121	0.404
2122	0.4273
2123	0.4926
2124	0.4268
2125	0.4934
2126	0.3657
2127	0.4243
2128	0.4538
2129	0.4605
2130	0.4843
2131	0.4625
2132	0.3724
2133	0.6062
2134	0.5051
2135	0.4536
2136	0.4276
2137	0.5175
2138	0.4359
2139	0.5748
2140	0.5987
2141	0.4933
2142	0.4598
2143	0.4842
2144	0.4762
2145	0.4585
2146	0.4399
2147	0.5247
2148	0.4691
2149	0.4407
2150	0.5027
2151	0.423
2152	0.4546
2153	0.3768
2154	0.521
2155	0.4518
2156	0.4066
2157	0.4196
2158	0.4377
2159	0.47
2160	0.5147
2161	0.3827
2162	0.4385
2163	0.4407
2164	0.4757
2165	0.4965
2166	0.4235
2167	0.4843
2168	0.6041
2169	0.4966
2170	0.5226
2171	0.4583
2172	0.6639
2173	0.4491
2174	0.529
2175	0.4639
2176	0.5089
2177	0.4452
2178	0.5385
2179	0.5065
2180	0.4726
2181	0.4078
2182	0.4935
2183	0.4429
2184	0.4772
2185	0.4464
2186	0.429
2187	0.5775
2188	0.4417
2189	0.3545
2190	0.4388
2191	0.3849
2192	0.4192
2193	0.5368
2194	0.3972
2195	0.3778
2196	0.475
2197	0.4136
2198	0.4471
2199	0.4662
2200	0.389
2201	0.4383
2202	0.4289
2203	0.4322
2204	0.4638
2205	0.3589
2206	0.4529
2207	0.4944
2208	0.4502
2209	0.4266
2210	0.4409
2211	0.4298
2212	0.4512
2213	0.5039
2214	0.4092
2215	0.4487
2216	0.5085
2217	0.448
2218	0.5817
2219	0.4988
2220	0.4338
2221	0.3789
2222	0.4746
2223	0.6045
2224	0.3956
2225	0.4209
2226	0.3885
2227	0.4114
2228	0.4343
2229	0.4286
2230	0.5262
2231	0.4458
2232	0.5563
2233	0.4965
2234	0.4658
2235	0.5949
2236	0.4457
2237	0.4137
2238	0.4452
2239	0.4363
2240	0.5053
2241	0.4561
2242	0.4596
2243	0.5173
2244	0.4349
2245	0.4294
2246	0.4026
2247	0.5707
2248	0.4558
2249	0.5303
2250	0.4699
2251	0.4799
2252	0.4309
2253	0.4639
2254	0.5053
2255	0.4873
2256	0.3386
2257	0.5003
2258	0.4322
2259	0.4604
2260	0.4869
2261	0.4638
2262	0.5098
2263	0.4854
2264	0.4176
2265	0.4427
2266	0.3695
2267	0.5018
2268	0.4566
2269	0.4766
2270	0.5069
2271	0.4775
2272	0.352
2273	0.4388
2274	0.5989
2275	0.4308
2276	0.43
2277	0.3674
2278	0.4082
2279	0.5013
2280	0.4372
2281	0.5541
2282	0.5462
2283	0.412
2284	0.4819
2285	0.4039
2286	0.3854
2287	0.4328
2288	0.4731
2289	0.4706
2290	0.4004
2291	0.4663
2292	0.5957
2293	0.4275
2294	0.461
2295	0.4474
2296	0.4651
2297	0.4569
2298	0.443
2299	0.4119
2300	0.5291
2301	0.4615
2302	0.3913
2303	0.3993
2304	0.5074
2305	0.4198
2306	0.4596
2307	0.4522
2308	0.3814
2309	0.3609
2310	0.4228
2311	0.4646
2312	0.4987
2313	0.4416
2314	0.47
2315	0.4396
2316	0.4086
2317	0.4156
2318	0.4538
2319	0.3244
2320	0.5579
2321	0.4484
2322	0.4226
2323	0.4135
2324	0.5034
2325	0.4406
2326	0.4604
2327	0.5189
2328	0.4403
2329	0.4599
2330	0.4321
2331	0.5775
2332	0.3816
2333	0.4663
2334	0.5181
2335	0.521
2336	0.4826
2337	0.4406
2338	0.5619
2339	0.4897
2340	0.4877
2341	0.4436
2342	0.4076
2343	0.5169
2344	0.4057
2345	0.5287
2346	0.4797
2347	0.3883
2348	0.4119
2349	0.4028
2350	0.5072
2351	0.6066
2352	0.3962
2353	0.4041
2354	0.4299
2355	0.4648
2356	0.4588
2357	0.4606
2358	0.5117
2359	0.4429
2360	0.481
2361	0.4366
2362	0.5198
2363	0.419
2364	0.553
2365	0.4286
2366	0.4441
2367	0.4634
2368	0.4649
2369	0.5371
2370	0.5502
2371	0.4813
2372	0.521
2373	0.4515
2374	0.3938
2375	0.4924
2376	0.4944
2377	0.5597
2378	0.5273
2379	0.5351
2380	0.4937
2381	0.4316
2382	0.4566
2383	0.4991
2384	0.4732
2385	0.4101
2386	0.4257
2387	0.4037
2388	0.4051
2389	0.5822
2390	0.4347
2391	0.3978
2392	0.3824
2393	0.4567
2394	0.466
2395	0.4095
2396	0.4803
2397	0.4729
2398	0.4456
2399	0.5168
2400	0.4351
2401	0.4552
2402	0.4288
2403	0.4416
2404	0.4595
2405	0.4524
2406	0.4441
2407	0.4829
2408	0.4623
2409	0.5036
2410	0.3985
2411	0.6087
2412	0.4067
2413	0.4407
2414	0.4348
2415	0.5695
2416	0.5644
2417	0.4647
2418	0.4777
2419	0.466
2420	0.4316
2421	0.4289
2422	0.5347
2423	0.4767
2424	0.4169
2425	0.5321
2426	0.5648
2427	0.5513
2428	0.3947
2429	0.4804
2430	0.5334
2431	0.5254
2432	0.4371
2433	0.5283
2434	0.4366
2435	0.4441
2436	0.4089
2437	0.4077
2438	0.4575
2439	0.5173
2440	0.4859
2441	0.4525
2442	0.4056
2443	0.5538
2444	0.5425
2445	0.5089
2446	0.4352
2447	0.4922
2448	0.4738
2449	0.469
2450	0.4294
2451	0.4791
2452	0.4978
2453	0.418
2454	0.3865
2455	0.4289
2456	0.4336
2457	0.335
2458	0.3924
2459	0.4614
2460	0.479
2461	0.4886
2462	0.4134
2463	0.534
2464	0.4968
2465	0.4607
2466	0.5172
2467	0.4159
2468	0.49
2469	0.5166
2470	0.4797
2471	0.4898
2472	0.5234
2473	0.5236
2474	0.4326
2475	0.4452
2476	0.4135
2477	0.5112
2478	0.607
2479	0.4461
2480	0.5261
2481	0.4086
2482	0.5811
2483	0.4162
2484	0.4002
2485	0.441
2486	0.3915
2487	0.4493
2488	0.3949
2489	0.4652
2490	0.4961
2491	0.4556
2492	0.4403
2493	0.4261
2494	0.4498
2495	0.4582
2496	0.4353
2497	0.5279
2498	0.4273
2499	0.416
2500	0.5126
2501	0.3904
2502	0.5037
2503	0.3231
2504	0.4
2505	0.5491
2506	0.5468
2507	0.4059
2508	0.5024
2509	0.4331
2510	0.494
2511	0.5303
2512	0.3438
2513	0.3536
2514	0.5116
2515	0.5627
2516	0.5543
2517	0.5051
2518	0.525
2519	0.385
2520	0.4847
2521	0.4554
2522	0.3889
2523	0.4187
2524	0.4191
2525	0.4497
2526	0.401
2527	0.5501
2528	0.4437
2529	0.5384
2530	0.4486
2531	0.462
2532	0.3618
2533	0.4679
2534	0.4338
2535	0.4929
2536	0.4759
2537	0.4171
2538	0.4312
2539	0.4843
2540	0.4107
2541	0.4859
2542	0.4329
2543	0.4933
2544	0.434
2545	0.4712
2546	0.5023
2547	0.4956
2548	0.4521
2549	0.4109
2550	0.4834
2551	0.4855
2552	0.3773
2553	0.4697
2554	0.564
2555	0.4536
2556	0.4505
2557	0.5098
2558	0.5409
2559	0.4993
2560	0.3386
2561	0.4674
2562	0.5079
2563	0.4291
2564	0.4069
2565	0.3162
2566	0.5154
2567	0.5365
2568	0.5717
2569	0.4681
2570	0.425
2571	0.4574
2572	0.4575
2573	0.5133
2574	0.5005
2575	0.4845
2576	0.4336
2577	0.4221
2578	0.53
2579	0.4657
2580	0.4732
2581	0.4163
2582	0.3808
2583	0.5031
2584	0.372
2585	0.4559
2586	0.4887
2587	0.4869
2588	0.4274
2589	0.5578
2590	0.4164
2591	0.521
2592	0.4844
2593	0.4643
2594	0.4789
2595	0.3868
2596	0.5083
2597	0.4478
2598	0.4777
2599	0.412
2600	0.3536
2601	0.4239
2602	0.5062
2603	0.4719
2604	0.3956
2605	0.5556
2606	0.4743
2607	0.4395
2608	0.4954
2609	0.4078
2610	0.4939
2611	0.478
2612	0.4245
2613	0.4422
2614	0.6532
2615	0.5184
2616	0.5247
2617	0.4393
2618	0.453
2619	0.4846
2620	0.3915
2621	0.5051
2622	0.421
2623	0.5294
2624	0.5365
2625	0.4914
2626	0.3883
2627	0.5553
2628	0.4021
2629	0.4765
2630	0.3744
2631	0.4454
2632	0.4352
2633	0.4919
2634	0.5059
2635	0.5402
2636	0.4641
2637	0.3236
2638	0.4947
2639	0.4889
2640	0.4795
2641	0.4099
2642	0.512
2643	0.4707
2644	0.4709
2645	0.4773
2646	0.4736
2647	0.4643
2648	0.5166
2649	0.4777
2650	0.4933
2651	0.4416
2652	0.4469
2653	0.383
2654	0.4285
2655	0.4843
2656	0.4489
2657	0.5075
2658	0.4646
2659	0.4825
2660	0.5168
2661	0.4659
2662	0.3985
2663	0.4919
2664	0.4838
2665	0.5168
2666	0.3878
2667	0.5356
2668	0.4684
2669	0.4614
2670	0.4411
2671	0.4488
2672	0.4133
2673	0.4576
2674	0.4279
2675	0.4939
2676	0.5319
2677	0.51
2678	0.4373
2679	0.5182
2680	0.495
2681	0.4444
2682	0.491
2683	0.386
2684	0.4751
2685	0.4534
2686	0.4684
2687	0.4477
2688	0.5622
2689	0.5193
2690	0.3846
2691	0.5612
2692	0.5129
2693	0.3554
2694	0.447
2695	0.4734
2696	0.4877
2697	0.4436
2698	0.4748
2699	0.5354
2700	0.4701
2701	0.4916
2702	0.4245
2703	0.441
2704	0.3663
2705	0.3941
2706	0.4694
2707	0.5353
2708	0.4365
2709	0.4186
2710	0.4548
2711	0.4237
2712	0.404
2713	0.3917
2714	0.5204
2715	0.4168
2716	0.4043
2717	0.4426
2718	0.485
2719	0.454
2720	0.4694
2721	0.446
2722	0.4299
2723	0.5092
2724	0.4593
2725	0.4822
2726	0.4408
2727	0.4585
2728	0.4736
2729	0.5044
2730	0.4305
2731	0.4583
2732	0.434
2733	0.5278
2734	0.4684
2735	0.4827
2736	0.5047
2737	0.5388
2738	0.4405
2739	0.455
2740	0.4407
2741	0.4609
2742	0.5374
2743	0.394
2744	0.3828
2745	0.3871
2746	0.4094
2747	0.394
2748	0.4158
2749	0.3932
2750	0.4275
2751	0.4398
2752	0.5068
2753	0.5149
2754	0.5301
2755	0.5459
2756	0.4721
2757	0.4632
2758	0.415
2759	0.3743
2760	0.5023
2761	0.4581
2762	0.4669
2763	0.4825
2764	0.4575
2765	0.5175
2766	0.4559
2767	0.564
2768	0.3641
2769	0.3815
2770	0.4896
2771	0.4309
2772	0.4585
2773	0.5274
2774	0.3955
2775	0.5414
2776	0.4107
2777	0.3796
2778	0.4424
2779	0.4375
2780	0.4327
2781	0.4508
2782	0.4424
2783	0.437
2784	0.4816
2785	0.418
2786	0.408
2787	0.5064
2788	0.4614
2789	0.4287
2790	0.4602
2791	0.5796
2792	0.3854
2793	0.4093
2794	0.4387
2795	0.5594
2796	0.4391
2797	0.3685
2798	0.4426
2799	0.5332
2800	0.4437
2801	0.3509
2802	0.4821
2803	0.4617
2804	0.4364
2805	0.3972
2806	0.4306
2807	0.4148
2808	0.3889
2809	0.4429
2810	0.3882
2811	0.4572
2812	0.409
2813	0.4728
2814	0.4602
2815	0.4369
2816	0.4245
2817	0.477
2818	0.5004
2819	0.527
2820	0.4451
2821	0.4942
2822	0.37
2823	0.5031
2824	0.4711
2825	0.5009
2826	0.4863
2827	0.4445
2828	0.4116
2829	0.4323
2830	0.4931
2831	0.3919
2832	0.4187
2833	0.5371
2834	0.4428
2835	0.4669
2836	0.4485
2837	0.4767
2838	0.466
2839	0.4676
2840	0.4577
2841	0.4196
2842	0.5448
2843	0.4036
2844	0.4237
2845	0.4136
2846	0.4749
2847	0.5205
2848	0.4001
2849	0.4
2850	0.3457
2851	0.427
2852	0.5985
2853	0.3798
2854	0.4888
2855	0.477
2856	0.5334
2857	0.4732
2858	0.4334
2859	0.4607
2860	0.4517
2861	0.4391
2862	0.3949
2863	0.5096
2864	0.4813
2865	0.4117
2866	0.4072
2867	0.4393
2868	0.5352
2869	0.5264
2870	0.4384
2871	0.4071
2872	0.3894
2873	0.4961
2874	0.5221
2875	0.4476
2876	0.4824
2877	0.4414
2878	0.4862
2879	0.6085
2880	0.4767
2881	0.4475
2882	0.5008
2883	0.4772
2884	0.4635
2885	0.4146
2886	0.3945
2887	0.4657
2888	0.4386
2889	0.4336
2890	0.537
2891	0.5285
2892	0.4891
2893	0.4798
2894	0.4921
2895	0.5336
2896	0.4268
2897	0.4515
2898	0.4802
2899	0.4089
2900	0.459
2901	0.4967
2902	0.3761
2903	0.3957
2904	0.5311
2905	0.4295
2906	0.5229
2907	0.4325
2908	0.3953
2909	0.3624
2910	0.4787
2911	0.4566
2912	0.4142
2913	0.3802
2914	0.395
2915	0.4285
2916	0.5504
2917	0.4546
2918	0.5076
2919	0.5112
2920	0.4518
2921	0.408
2922	0.5033
2923	0.4208
2924	0.4293
2925	0.531
2926	0.4131
2927	0.5279
2928	0.48
2929	0.4756
2930	0.4169
2931	0.4319
2932	0.4667
2933	0.4202
2934	0.4914
2935	0.4773
2936	0.4801
2937	0.5365
2938	0.4947
2939	0.531
2940	0.4875
2941	0.4258
2942	0.599
2943	0.4081
2944	0.433
2945	0.4813
2946	0.4374
2947	0.4458
2948	0.4774
2949	0.4833
2950	0.4717
2951	0.3825
2952	0.4612
2953	0.4107
2954	0.4809
2955	0.4481
2956	0.4125
2957	0.4384
2958	0.4408
2959	0.4354
2960	0.588
2961	0.6089
2962	0.5134
2963	0.5317
2964	0.4563
2965	0.3954
2966	0.4979
2967	0.4511
2968	0.491
2969	0.6814
2970	0.3606
2971	0.4061
2972	0.4537
2973	0.4183
2974	0.4176
2975	0.4095
2976	0.4849
2977	0.4353
2978	0.5139
2979	0.4911
2980	0.5109
2981	0.4775
2982	0.5567
2983	0.4093
2984	0.4426
2985	0.3974
2986	0.4221
2987	0.4553
2988	0.4503
2989	0.5001
2990	0.3814
2991	0.4499
2992	0.391
2993	0.4147
2994	0.4531
2995	0.4522
2996	0.4248
2997	0.443
2998	0.4884
2999	0.4306
3000	0.421
