1001	4.895
1002	4.766
1003	4.772
1004	4.734
1005	4.777
1006	4.698
1007	4.756
1008	4.81
1009	4.889
1010	4.77
1011	4.746
1012	4.73
1013	4.8
1014	4.851
1015	4.846
1016	4.851
1017	4.817
1018	4.801
1019	4.754
1020	4.873
1021	4.815
1022	4.753
1023	4.766
1024	4.824
1025	4.785
1026	4.726
1027	4.799
1028	4.824
1029	4.794
1030	4.723
1031	4.769
1032	4.757
1033	4.737
1034	4.822
1035	4.808
1036	4.723
1037	4.835
1038	4.821
1039	4.88
1040	4.747
1041	4.695
1042	4.79
1043	4.9
1044	4.724
1045	4.761
1046	4.803
1047	4.828
1048	4.821
1049	4.686
1050	4.807
1051	4.869
1052	4.842
1053	4.854
1054	4.841
1055	4.756
1056	4.856
1057	4.786
1058	4.698
1059	4.689
1060	4.767
1061	4.821
1062	4.746
1063	4.776
1064	4.784
1065	4.765
1066	4.73
1067	4.84
1068	4.77
1069	4.746
1070	4.766
1071	4.858
1072	4.828
1073	4.765
1074	4.803
1075	4.83
1076	4.767
1077	4.8
1078	4.796
1079	4.818
1080	4.763
1081	4.791
1082	4.871
1083	4.738
1084	4.795
1085	4.789
1086	4.742
1087	4.784
1088	4.707
1089	4.674
1090	4.789
1091	4.865
1092	4.855
1093	4.774
1094	4.68
1095	4.79
1096	4.729
1097	4.776
1098	4.814
1099	4.804
1100	4.846
1101	4.755
1102	4.769
1103	4.738
1104	4.773
1105	4.654
1106	4.756
1107	4.743
1108	4.837
1109	4.671
1110	4.823
1111	4.819
1112	4.872
1113	4.826
1114	4.751
1115	4.818
1116	4.796
1117	4.816
1118	4.784
1119	4.733
1120	4.75
1121	4.887
1122	4.694
1123	4.797
1124	4.657
1125	4.817
1126	4.761
1127	4.757
1128	4.925
1129	4.747
1130	4.695
1131	4.787
1132	4.898
1133	4.839
1134	4.778
1135	4.667
1136	4.876
1137	4.829
1138	4.789
1139	4.712
1140	4.799
1141	4.791
1142	4.803
1143	4.861
1144	4.846
1145	4.876
1146	4.849
1147	4.676
1148	4.763
1149	4.81
1150	4.808
1151	4.667
1152	4.773
1153	4.733
1154	4.796
1155	4.779
1156	4.809
1157	4.72
1158	4.747
1159	4.779
1160	4.906
1161	4.81
1162	4.746
1163	4.802
1164	4.782
1165	4.768
1166	4.713
1167	4.864
1168	4.709
1169	4.778
1170	4.741
1171	4.785
1172	4.752
1173	4.734
1174	4.807
1175	4.722
1176	4.729
1177	4.772
1178	4.741
1179	4.801
1180	4.791
1181	4.749
1182	4.731
1183	4.803
1184	4.793
1185	4.879
1186	4.813
1187	4.686
1188	4.81
1189	4.746
1190	4.803
1191	4.79
1192	4.811
1193	4.637
1194	4.747
1195	4.851
1196	4.785
1197	4.723
1198	4.793
1199	4.765
1200	4.674
1201	4.747
1202	4.763
1203	4.773
1204	4.755
1205	4.813
1206	4.788
1207	4.841
1208	4.697
1209	4.887
1210	4.788
1211	4.788
1212	4.792
1213	4.771
1214	4.75
1215	4.827
1216	4.771
1217	4.721
1218	4.812
1219	4.692
1220	4.724
1221	4.877
1222	4.829
1223	4.771
1224	4.735
1225	4.788
1226	4.805
1227	4.81
1228	4.747
1229	4.692
1230	4.759
1231	4.715
1232	4.833
1233	4.681
1234	4.762
1235	4.743
1236	4.755
1237	4.796
1238	4.771
1239	4.685
1240	4.776
1241	4.747
1242	4.693
1243	4.794
1244	4.745
1245	4.699
1246	4.759
1247	4.755
1248	4.833
1249	4.79
1250	4.79
1251	4.702
1252	4.678
1253	4.698
1254	4.838
1255	4.826
1256	4.682
1257	4.84
1258	4.797
1259	4.754
1260	4.703
1261	4.833
1262	4.884
1263	4.753
1264	4.751
1265	4.772
1266	4.733
1267	4.76
1268	4.766
1269	4.828
1270	4.889
1271	4.843
1272	4.815
1273	4.689
1274	4.759
1275	4.772
1276	4.818
1277	4.776
1278	4.804
1279	4.742
1280	4.8
1281	4.806
1282	4.752
1283	4.724
1284	4.876
1285	4.781
1286	4.765
1287	4.693
1288	4.703
1289	4.93
1290	4.746
1291	4.722
1292	4.74
1293	4.839
1294	4.786
1295	4.723
1296	4.857
1297	4.81
1298	4.762
1299	4.708
1300	4.794
1301	4.787
1302	4.709
1303	4.782
1304	4.786
1305	4.794
1306	4.728
1307	4.665
1308	4.797
1309	4.795
1310	4.749
1311	4.839
1312	4.782
1313	4.699
1314	4.83
1315	4.827
1316	4.753
1317	4.77
1318	4.828
1319	4.724
1320	4.803
1321	4.731
1322	4.783
1323	4.718
1324	4.782
1325	4.806
1326	4.804
1327	4.766
1328	4.836
1329	4.865
1330	4.821
1331	4.773
1332	4.705
1333	4.62
1334	4.769
1335	4.81
1336	4.781
1337	4.772
1338	4.707
1339	4.791
1340	4.798
1341	4.799
1342	4.786
1343	4.865
1344	4.807
1345	4.762
1346	4.772
1347	4.819
1348	4.748
1349	4.744
1350	4.688
1351	4.785
1352	4.738
1353	4.872
1354	4.824
1355	4.79
1356	4.803
1357	4.681
1358	4.778
1359	4.718
1360	4.801
1361	4.744
1362	4.619
1363	4.852
1364	4.819
1365	4.81
1366	4.747
1367	4.756
1368	4.822
1369	4.8
1370	4.8
1371	4.847
1372	4.727
1373	4.727
1374	4.787
1375	4.859
1376	4.793
1377	4.717
1378	4.886
1379	4.841
1380	4.766
1381	4.811
1382	4.842
1383	4.766
1384	4.895
1385	4.771
1386	4.854
1387	4.741
1388	4.768
1389	4.813
1390	4.862
1391	4.836
1392	4.85
1393	4.746
1394	4.732
1395	4.798
1396	4.839
1397	4.798
1398	4.732
1399	4.799
1400	4.748
1401	4.825
1402	4.798
1403	4.781
1404	4.786
1405	4.756
1406	4.805
1407	4.772
1408	4.801
1409	4.638
1410	4.727
1411	4.84
1412	4.816
1413	4.8
1414	4.742
1415	4.664
1416	4.759
1417	4.752
1418	4.906
1419	4.713
1420	4.844
1421	4.726
1422	4.824
1423	4.885
1424	4.789
1425	4.717
1426	4.85
1427	4.814
1428	4.836
1429	4.869
1430	4.792
1431	4.807
1432	4.779
1433	4.781
1434	4.716
1435	4.828
1436	4.837
1437	4.759
1438	4.716
1439	4.782
1440	4.791
1441	4.771
1442	4.749
1443	4.77
1444	4.863
1445	4.732
1446	4.789
1447	4.796
1448	4.666
1449	4.773
1450	4.753
1451	4.786
1452	4.708
1453	4.67
1454	4.844
1455	4.806
1456	4.774
1457	4.792
1458	4.711
1459	4.75
1460	4.803
1461	4.818
1462	4.703
1463	4.79
1464	4.878
1465	4.775
1466	4.788
1467	4.737
1468	4.827
1469	4.864
1470	4.752
1471	4.769
1472	4.739
1473	4.724
1474	4.738
1475	4.78
1476	4.928
1477	4.822
1478	4.739
1479	4.795
1480	4.76
1481	4.798
1482	4.806
1483	4.776
1484	4.706
1485	4.805
1486	4.794
1487	4.791
1488	4.76
1489	4.68
1490	4.898
1491	4.641
1492	4.758
1493	4.752
1494	4.839
1495	4.759
1496	4.73
1497	4.832
1498	4.768
1499	4.776
1500	4.86
1501	4.696
1502	4.739
1503	4.699
1504	4.741
1505	4.833
1506	4.74
1507	4.798
1508	4.842
1509	4.71
1510	4.767
1511	4.726
1512	4.679
1513	4.827
1514	4.715
1515	4.9
1516	4.87
1517	4.752
1518	4.708
1519	4.755
1520	4.806
1521	4.838
1522	4.72
1523	4.805
1524	4.795
1525	4.769
1526	4.779
1527	4.797
1528	4.721
1529	4.818
1530	4.713
1531	4.848
1532	4.79
1533	4.735
1534	4.621
1535	4.799
1536	4.786
1537	4.81
1538	4.784
1539	4.765
1540	4.793
1541	4.803
1542	4.82
1543	4.632
1544	4.774
1545	4.681
1546	4.695
1547	4.649
1548	4.77
1549	4.852
1550	4.791
1551	4.732
1552	4.739
1553	4.74
1554	4.85
1555	4.824
1556	4.785
1557	4.741
1558	4.83
1559	4.837
1560	4.804
1561	4.809
1562	4.784
1563	4.743
1564	4.743
1565	4.778
1566	4.829
1567	4.822
1568	4.72
1569	4.856
1570	4.75
1571	4.74
1572	4.804
1573	4.833
1574	4.783
1575	4.715
1576	4.759
1577	4.83
1578	4.716
1579	4.843
1580	4.786
1581	4.77
1582	4.83
1583	4.847
1584	4.723
1585	4.693
1586	4.771
1587	4.684
1588	4.676
1589	4.781
1590	4.805
1591	4.833
1592	4.697
1593	4.762
1594	4.721
1595	4.871
1596	4.797
1597	4.829
1598	4.815
1599	4.837
1600	4.799
1601	4.792
1602	4.702
1603	4.72
1604	4.755
1605	4.715
1606	4.765
1607	4.77
1608	4.791
1609	4.783
1610	4.725
1611	4.711
1612	4.795
1613	4.689
1614	4.88
1615	4.748
1616	4.815
1617	4.805
1618	4.819
1619	4.741
1620	4.765
1621	4.839
1622	4.732
1623	4.734
1624	4.773
1625	4.773
1626	4.883
1627	4.742
1628	4.799
1629	4.808
1630	4.772
1631	4.796
1632	4.892
1633	4.684
1634	4.739
1635	4.776
1636	4.746
1637	4.677
1638	4.766
1639	4.788
1640	4.753
1641	4.793
1642	4.87
1643	4.84
1644	4.784
1645	4.917
1646	4.811
1647	4.724
1648	4.77
1649	4.86
1650	4.841
1651	4.773
1652	4.763
1653	4.755
1654	4.729
1655	4.779
1656	4.854
1657	4.817
1658	4.739
1659	4.845
1660	4.83
1661	4.776
1662	4.744
1663	4.713
1664	4.715
1665	4.764
1666	4.784
1667	4.782
1668	4.749
1669	4.734
1670	4.737
1671	4.776
1672	4.733
1673	4.818
1674	4.849
1675	4.657
1676	4.74
1677	4.767
1678	4.739
1679	4.84
1680	4.817
1681	4.754
1682	4.826
1683	4.8
1684	4.811
1685	4.846
1686	4.81
1687	4.887
1688	4.769
1689	4.798
1690	4.698
1691	4.847
1692	4.703
1693	4.819
1694	4.732
1695	4.766
1696	4.733
1697	4.796
1698	4.759
1699	4.727
1700	4.885
1701	4.763
1702	4.723
1703	4.827
1704	4.661
1705	4.73
1706	4.804
1707	4.791
1708	4.69
1709	4.739
1710	4.778
1711	4.842
1712	4.778
1713	4.712
1714	4.711
1715	4.719
1716	4.861
1717	4.776
1718	4.756
1719	4.73
1720	4.768
1721	4.836
1722	4.773
1723	4.862
1724	4.804
1725	4.726
1726	4.74
1727	4.757
1728	4.762
1729	4.825
1730	4.763
1731	4.705
1732	4.758
1733	4.819
1734	4.707
1735	4.726
1736	4.814
1737	4.742
1738	4.854
1739	4.876
1740	4.837
1741	4.69
1742	4.687
1743	4.814
1744	4.787
1745	4.763
1746	4.792
1747	4.904
1748	4.895
1749	4.73
1750	4.782
1751	4.758
1752	4.807
1753	4.813
1754	4.72
1755	4.806
1756	4.838
1757	4.655
1758	4.777
1759	4.711
1760	4.79
1761	4.787
1762	4.77
1763	4.768
1764	4.785
1765	4.755
1766	4.708
1767	4.717
1768	4.854
1769	4.85
1770	4.789
1771	4.761
1772	4.699
1773	4.621
1774	4.772
1775	4.863
1776	4.736
1777	4.798
1778	4.722
1779	4.795
1780	4.895
1781	4.788
1782	4.98
1783	4.682
1784	4.877
1785	4.715
1786	4.822
1787	4.747
1788	4.661
1789	4.766
1790	4.796
1791	4.824
1792	4.787
1793	4.795
1794	4.662
1795	4.778
1796	4.828
1797	4.695
1798	4.86
1799	4.747
1800	4.78
1801	4.689
1802	4.722
1803	4.754
1804	4.789
1805	4.709
1806	4.7
1807	4.795
1808	4.82
1809	4.895
1810	4.687
1811	4.775
1812	4.841
1813	4.83
1814	4.739
1815	4.765
1816	4.777
1817	4.852
1818	4.681
1819	4.778
1820	4.812
1821	4.798
1822	4.828
1823	4.74
1824	4.726
1825	4.817
1826	4.752
1827	4.762
1828	4.731
1829	4.754
1830	4.665
1831	4.859
1832	4.859
1833	4.62
1834	4.742
1835	4.836
1836	4.793
1837	4.752
1838	4.706
1839	4.734
1840	4.794
1841	4.812
1842	4.66
1843	4.828
1844	4.756
1845	4.837
1846	4.737
1847	4.714
1848	4.8
1849	4.663
1850	4.775
1851	4.879
1852	4.884
1853	4.742
1854	4.939
1855	4.77
1856	4.674
1857	4.782
1858	4.783
1859	4.688
1860	4.834
1861	4.824
1862	4.858
1863	4.763
1864	4.824
1865	4.755
1866	4.821
1867	4.889
1868	4.712
1869	4.81
1870	4.773
1871	4.718
1872	4.858
1873	4.795
1874	4.842
1875	4.859
1876	4.744
1877	4.764
1878	4.769
1879	4.743
1880	4.844
1881	4.714
1882	4.828
1883	4.788
1884	4.834
1885	4.729
1886	4.834
1887	4.801
1888	4.665
1889	4.769
1890	4.75
1891	4.673
1892	4.769
1893	4.701
1894	4.764
1895	4.609
1896	4.591
1897	4.811
1898	4.784
1899	4.814
1900	4.817
1901	4.773
1902	4.862
1903	4.76
1904	4.717
1905	4.758
1906	4.729
1907	4.67
1908	4.85
1909	4.771
1910	4.748
1911	4.733
1912	4.716
1913	4.826
1914	4.719
1915	4.714
1916	4.722
1917	4.826
1918	4.76
1919	4.769
1920	4.759
1921	4.807
1922	4.787
1923	4.786
1924	4.813
1925	4.774
1926	4.7
1927	4.73
1928	4.705
1929	4.838
1930	4.77
1931	4.824
1932	4.721
1933	4.825
1934	4.8
1935	4.856
1936	4.691
1937	4.818
1938	4.771
1939	4.802
1940	4.845
1941	4.882
1942	4.8
1943	4.737
1944	4.779
1945	4.729
1946	4.725
1947	4.656
1948	4.794
1949	4.769
1950	4.692
1951	4.861
1952	4.707
1953	4.76
1954	4.697
1955	4.821
1956	4.712
1957	4.809
1958	4.823
1959	4.835
1960	4.79
1961	4.759
1962	4.8
1963	4.831
1964	4.758
1965	4.897
1966	4.776
1967	4.796
1968	4.846
1969	4.775
1970	4.824
1971	4.832
1972	4.81
1973	4.677
1974	4.886
1975	4.856
1976	4.817
1977	4.657
1978	4.681
1979	4.741
1980	4.858
1981	4.85
1982	4.812
1983	4.802
1984	4.812
1985	4.75
1986	4.84
1987	4.762
1988	4.834
1989	4.785
1990	4.799
1991	4.754
1992	4.765
1993	4.771
1994	4.665
1995	4.792
1996	4.809
1997	4.705
1998	4.803
1999	4.811
2000	4.79
2001	4.777
2002	4.822
2003	4.711
2004	4.743
2005	4.785
2006	4.74
2007	4.804
2008	4.839
2009	4.777
2010	4.8
2011	4.83
2012	4.745
2013	4.768
2014	4.736
2015	4.77
2016	4.795
2017	4.769
2018	4.792
2019	4.722
2020	4.759
2021	4.794
2022	4.79
2023	4.735
2024	4.807
2025	4.757
2026	4.744
2027	4.818
2028	4.93
2029	4.687
2030	4.843
2031	4.896
2032	4.855
2033	4.775
2034	4.75
2035	4.66
2036	4.788
2037	4.829
2038	4.691
2039	4.809
2040	4.847
2041	4.788
2042	4.804
2043	4.832
2044	4.783
2045	4.739
2046	4.838
2047	4.838
2048	4.765
2049	4.758
2050	4.724
2051	4.709
2052	4.844
2053	4.735
2054	4.797
2055	4.874
2056	4.717
2057	4.771
2058	4.727
2059	4.737
2060	4.848
2061	4.837
2062	4.793
2063	4.727
2064	4.718
2065	4.763
2066	4.765
2067	4.762
2068	4.736
2069	4.807
2070	4.78
2071	4.868
2072	4.808
2073	4.763
2074	4.783
2075	4.822
2076	4.824
2077	4.9
2078	4.888
2079	4.786
2080	4.73
2081	4.796
2082	4.765
2083	4.721
2084	4.866
2085	4.793
2086	4.665
2087	4.778
2088	4.787
2089	4.793
2090	4.884
2091	4.822
2092	4.778
2093	4.728
2094	4.717
2095	4.769
2096	4.764
2097	4.811
2098	4.814
2099	4.694
2100	4.851
2101	4.849
2102	4.793
2103	4.793
2104	4.712
2105	4.791
2106	4.94
2107	4.709
2108	4.791
2109	4.751
2110	4.75
2111	4.771
2112	4.756
2113	4.686
2114	4.843
2115	4.74
2116	4.726
2117	4.815
2118	4.638
2119	4.821
2120	4.797
2121	4.758
2122	4.816
2123	4.78
2124	4.736
2125	4.706
2126	4.754
2127	4.724
2128	4.785
2129	4.705
2130	4.83
2131	4.81
2132	4.723
2133	4.761
2134	4.752
2135	4.701
2136	4.769
2137	4.74
2138	4.769
2139	4.817
2140	4.721
2141	4.761
2142	4.839
2143	4.772
2144	4.797
2145	4.709
2146	4.883
2147	4.776
2148	4.839
2149	4.793
2150	4.786
2151	4.751
2152	4.757
2153	4.758
2154	4.73
2155	4.814
2156	4.737
2157	4.855
2158	4.743
2159	4.697
2160	4.775
2161	4.768
2162	4.748
2163	4.706
2164	4.744
2165	4.758
2166	4.853
2167	4.79
2168	4.72
2169	4.741
2170	4.776
2171	4.754
2172	4.719
2173	4.718
2174	4.815
2175	4.732
2176	4.694
2177	4.797
2178	4.787
2179	4.789
2180	4.775
2181	4.749
2182	4.806
2183	4.769
2184	4.885
2185	4.839
2186	4.839
2187	4.815
2188	4.731
2189	4.787
2190	4.774
2191	4.8
2192	4.751
2193	4.768
2194	4.752
2195	4.733
2196	4.674
2197	4.796
2198	4.761
2199	4.783
2200	4.683
2201	4.889
2202	4.852
2203	4.808
2204	4.703
2205	4.831
2206	4.839
2207	4.785
2208	4.751
2209	4.885
2210	4.774
2211	4.808
2212	4.751
2213	4.816
2214	4.781
2215	4.74
2216	4.691
2217	4.75
2218	4.7
2219	4.709
2220	4.686
2221	4.691
2222	4.71
2223	4.774
2224	4.817
2225	4.826
2226	4.692
2227	4.916
2228	4.734
2229	4.783
2230	4.886
2231	4.786
2232	4.72
2233	4.738
2234	4.776
2235	4.85
2236	4.781
2237	4.676
2238	4.76
2239	4.754
2240	4.739
2241	4.752
2242	4.739
2243	4.932
2244	4.804
2245	4.739
2246	4.733
2247	4.786
2248	4.791
2249	4.823
2250	4.639
2251	4.751
2252	4.897
2253	4.733
2254	4.705
2255	4.796
2256	4.788
2257	4.761
2258	4.797
2259	4.751
2260	4.842
2261	4.766
2262	4.712
2263	4.803
2264	4.791
2265	4.709
2266	4.78
2267	4.74
2268	4.762
2269	4.816
2270	4.772
2271	4.702
2272	4.721
2273	4.863
2274	4.863
2275	4.845
2276	4.802
2277	4.88
2278	4.74
2279	4.808
2280	4.759
2281	4.727
2282	4.782
2283	4.731
2284	4.797
2285	4.719
2286	4.723
2287	4.805
2288	4.86
2289	4.831
2290	4.77
2291	4.735
2292	4.725
2293	4.761
2294	4.804
2295	4.796
2296	4.797
2297	4.911
2298	4.855
2299	4.867
2300	4.715
2301	4.804
2302	4.853
2303	4.807
2304	4.816
2305	4.764
2306	4.82
2307	4.798
2308	4.735
2309	4.752
2310	4.821
2311	4.844
2312	4.753
2313	4.717
2314	4.772
2315	4.84
2316	4.779
2317	4.751
2318	4.783
2319	4.738
2320	4.735
2321	4.77
2322	4.764
2323	4.707
2324	4.788
2325	4.817
2326	4.778
2327	4.868
2328	4.817
2329	4.876
2330	4.782
2331	4.715
2332	4.68
2333	4.741
2334	4.806
2335	4.749
2336	4.781
2337	4.868
2338	4.762
2339	4.779
2340	4.775
2341	4.794
2342	4.858
2343	4.734
2344	4.68
2345	4.736
2346	4.777
2347	4.808
2348	4.797
2349	4.812
2350	4.784
2351	4.77
2352	4.865
2353	4.803
2354	4.853
2355	4.73
2356	4.833
2357	4.784
2358	4.8
2359	4.742
2360	4.772
2361	4.803
2362	4.724
2363	4.79
2364	4.687
2365	4.809
2366	4.763
2367	4.769
2368	4.762
2369	4.722
2370	4.731
2371	4.751
2372	4.859
2373	4.802
2374	4.868
2375	4.781
2376	4.902
2377	4.712
2378	4.74
2379	4.778
2380	4.779
2381	4.706
2382	4.741
2383	4.717
2384	4.749
2385	4.868
2386	4.723
2387	4.853
2388	4.814
2389	4.694
2390	4.871
2391	4.689
2392	4.928
2393	4.784
2394	4.786
2395	4.643
2396	4.978
2397	4.828
2398	4.745
2399	4.788
2400	4.701
2401	4.817
2402	4.752
2403	4.837
2404	4.741
2405	4.771
2406	4.743
2407	4.756
2408	4.82
2409	4.821
2410	4.794
2411	4.798
2412	4.65
2413	4.83
2414	4.761
2415	4.731
2416	4.889
2417	4.832
2418	4.816
2419	4.833
2420	4.657
2421	4.736
2422	4.804
2423	4.743
2424	4.815
2425	4.788
2426	4.782
2427	4.804
2428	4.832
2429	4.805
2430	4.741
2431	4.798
2432	4.739
2433	4.861
2434	4.814
2435	4.827
2436	4.741
2437	4.71
2438	4.808
2439	4.9
2440	4.775
2441	4.773
2442	4.726
2443	4.858
2444	4.897
2445	4.791
2446	4.91
2447	4.757
2448	4.845
2449	4.682
2450	4.828
2451	4.69
2452	4.771
2453	4.749
2454	4.797
2455	4.813
2456	4.728
2457	4.859
2458	4.774
2459	4.842
2460	4.917
2461	4.728
2462	4.819
2463	4.788
2464	4.789
2465	4.703
2466	4.842
2467	4.862
2468	4.723
2469	4.757
2470	4.687
2471	4.778
2472	4.864
2473	4.817
2474	4.874
2475	4.871
2476	4.803
2477	4.807
2478	4.793
2479	4.778
2480	4.729
2481	4.718
2482	4.839
2483	4.71
2484	4.76
2485	4.754
2486	4.842
2487	4.74
2488	4.746
2489	4.745
2490	4.681
2491	4.838
2492	4.669
2493	4.732
2494	4.707
2495	4.889
2496	4.745
2497	4.747
2498	4.745
2499	4.826
2500	4.799
2501	4.678
2502	4.8
2503	4.785
2504	4.788
2505	4.717
2506	4.787
2507	4.708
2508	4.792
2509	4.822
2510	4.758
2511	4.768
2512	4.719
2513	4.761
2514	4.739
2515	4.812
2516	4.835
2517	4.837
2518	4.877
2519	4.755
2520	4.885
2521	4.867
2522	4.759
2523	4.784
2524	4.765
2525	4.89
2526	4.722
2527	4.886
2528	4.83
2529	4.83
2530	4.868
2531	4.753
2532	4.791
2533	4.801
2534	4.758
2535	4.838
2536	4.76
2537	4.72
2538	4.747
2539	4.72
2540	4.784
2541	4.807
2542	4.826
2543	4.709
2544	4.75
2545	4.73
2546	4.815
2547	4.903
2548	4.783
2549	4.881
2550	4.82
2551	4.8
2552	4.734
2553	4.746
2554	4.736
2555	4.728
2556	4.834
2557	4.83
2558	4.838
2559	4.738
2560	4.74
2561	4.704
2562	4.836
2563	4.815
2564	4.766
2565	4.729
2566	4.67
2567	4.827
2568	4.72
2569	4.793
2570	4.749
2571	4.823
2572	4.804
2573	4.822
2574	4.72
2575	4.782
2576	4.749
2577	4.708
2578	4.934
2579	4.864
2580	4.795
2581	4.896
2582	4.869
2583	4.686
2584	4.783
2585	4.817
2586	4.914
2587	4.905
2588	4.82
2589	4.705
2590	4.736
2591	4.841
2592	4.745
2593	4.797
2594	4.806
2595	4.833
2596	4.71
2597	4.73
2598	4.801
2599	4.783
2600	4.733
2601	4.849
2602	4.68
2603	4.785
2604	4.759
2605	4.774
2606	4.79
2607	4.761
2608	4.84
2609	4.812
2610	4.874
2611	4.799
2612	4.826
2613	4.751
2614	4.921
2615	4.738
2616	4.861
2617	4.751
2618	4.812
2619	4.729
2620	4.842
2621	4.862
2622	4.808
2623	4.892
2624	4.818
2625	4.714
2626	4.777
2627	4.831
2628	4.801
2629	4.79
2630	4.805
2631	4.755
2632	4.819
2633	4.746
2634	4.82
2635	4.708
2636	4.678
2637	4.897
2638	4.713
2639	4.824
2640	4.813
2641	4.781
2642	4.814
2643	4.766
2644	4.746
2645	4.771
2646	4.826
2647	4.813
2648	4.756
2649	4.871
2650	4.755
2651	4.777
2652	4.76
2653	4.77
2654	4.843
2655	4.843
2656	4.825
2657	4.747
2658	4.733
2659	4.747
2660	4.86
2661	4.697
2662	4.786
2663	4.805
2664	4.798
2665	4.828
2666	4.827
2667	4.928
2668	4.77
2669	4.786
2670	4.753
2671	4.832
2672	4.743
2673	4.864
2674	4.818
2675	4.754
2676	4.809
2677	4.754
2678	4.865
2679	4.806
2680	4.849
2681	4.821
2682	4.768
2683	4.717
2684	4.693
2685	4.954
2686	4.705
2687	4.839
2688	4.76
2689	4.759
2690	4.744
2691	4.721
2692	4.712
2693	4.824
2694	4.801
2695	4.865
2696	4.757
2697	4.816
2698	4.754
2699	4.815
2700	4.82
2701	4.773
2702	4.729
2703	4.756
2704	4.783
2705	4.721
2706	4.766
2707	4.76
2708	4.777
2709	4.826
2710	4.742
2711	4.762
2712	4.91
2713	4.761
2714	4.889
2715	4.823
2716	4.813
2717	4.769
2718	4.808
2719	4.743
2720	4.743
2721	4.725
2722	4.736
2723	4.772
2724	4.748
2725	4.713
2726	4.764
2727	4.801
2728	4.804
2729	4.789
2730	4.828
2731	4.707
2732	4.714
2733	4.802
2734	4.792
2735	4.832
2736	4.82
2737	4.894
2738	4.774
2739	4.889
2740	4.916
2741	4.763
2742	4.838
2743	4.837
2744	4.819
2745	4.814
2746	4.81
2747	4.87
2748	4.712
2749	4.771
2750	4.744
2751	4.749
2752	4.845
2753	4.811
2754	4.799
2755	4.807
2756	4.824
2757	4.703
2758	4.776
2759	4.659
2760	4.869
2761	4.916
2762	4.695
2763	4.766
2764	4.772
2765	4.795
2766	4.736
2767	4.783
2768	4.798
2769	4.621
2770	4.741
2771	4.858
2772	4.786
2773	4.83
2774	4.805
2775	4.78
2776	4.73
2777	4.782
2778	4.792
2779	4.789
2780	4.644
2781	4.767
2782	4.825
2783	4.772
2784	4.652
2785	4.797
2786	4.825
2787	4.844
2788	4.885
2789	4.861
2790	4.821
2791	4.848
2792	4.823
2793	4.787
2794	4.74
2795	4.822
2796	4.737
2797	4.838
2798	4.799
2799	4.765
2800	4.653
2801	4.769
2802	4.757
2803	4.785
2804	4.713
2805	4.763
2806	4.761
2807	4.765
2808	4.802
2809	4.717
2810	4.722
2811	4.792
2812	4.79
2813	4.832
2814	4.885
2815	4.816
2816	4.744
2817	4.806
2818	4.816
2819	4.868
2820	4.803
2821	4.76
2822	4.772
2823	4.769
2824	4.743
2825	4.867
2826	4.797
2827	4.804
2828	4.814
2829	4.719
2830	4.811
2831	4.728
2832	4.749
2833	4.777
2834	4.826
2835	4.921
2836	4.721
2837	4.791
2838	4.807
2839	4.762
2840	4.818
2841	4.765
2842	4.862
2843	4.825
2844	4.728
2845	4.912
2846	4.801
2847	4.754
2848	4.798
2849	4.796
2850	4.763
2851	4.853
2852	4.874
2853	4.83
2854	4.701
2855	4.841
2856	4.77
2857	4.745
2858	4.794
2859	4.799
2860	4.726
2861	4.868
2862	4.758
2863	4.778
2864	4.877
2865	4.73
2866	4.833
2867	4.746
2868	4.816
2869	4.808
2870	4.722
2871	4.802
2872	4.801
2873	4.77
2874	4.81
2875	4.801
2876	4.757
2877	4.79
2878	4.693
2879	4.801
2880	4.853
2881	4.752
2882	4.785
2883	4.764
2884	4.892
2885	4.82
2886	4.739
2887	4.734
2888	4.795
2889	4.722
2890	4.865
2891	4.769
2892	4.757
2893	4.849
2894	4.751
2895	4.8
2896	4.862
2897	4.788
2898	4.852
2899	4.772
2900	4.728
2901	4.744
2902	4.704
2903	4.753
2904	4.827
2905	4.793
2906	4.702
2907	4.721
2908	4.758
2909	4.73
2910	4.729
2911	4.654
2912	4.833
2913	4.799
2914	4.798
2915	4.88
2916	4.746
2917	4.78
2918	4.728
2919	4.803
2920	4.743
2921	4.736
2922	4.833
2923	4.74
2924	4.841
2925	4.873
2926	4.835
2927	4.618
2928	4.872
2929	4.715
2930	4.814
2931	4.826
2932	4.713
2933	4.718
2934	4.792
2935	4.769
2936	4.796
2937	4.747
2938	4.723
2939	4.75
2940	4.719
2941	4.709
2942	4.822
2943	4.789
2944	4.787
2945	4.846
2946	4.816
2947	4.836
2948	4.784
2949	4.874
2950	4.7
2951	4.752
2952	4.859
2953	4.741
2954	4.706
2955	4.82
2956	4.768
2957	4.657
2958	4.805
2959	4.779
2960	4.819
2961	4.785
2962	4.792
2963	4.722
2964	4.835
2965	4.739
2966	4.686
2967	4.68
2968	4.661
2969	4.869
2970	4.621
2971	4.797
2972	4.842
2973	4.918
2974	4.671
2975	4.808
2976	4.774
2977	4.802
2978	4.765
2979	4.751
2980	4.811
2981	4.742
2982	4.8
2983	4.67
2984	4.813
2985	4.701
2986	4.717
2987	4.746
2988	4.771
2989	4.769
2990	4.826
2991	4.722
2992	4.817
2993	4.781
2994	4.795
2995	4.704
2996	4.768
2997	4.757
2998	4.763
2999	4.761
3000	4.712
1001	2.371
1002	2.018
1003	2.933
1004	2.713
1005	2.114
1006	2.688
1007	1.893
1008	2.089
1009	2.324
1010	1.584
1011	2.442
1012	2.136
1013	1.468
1014	2.363
1015	2.341
1016	1.638
1017	2.227
1018	2.236
1019	1.778
1020	2.621
1021	1.812
1022	1.997
1023	2.428
1024	2.532
1025	1.49
1026	2.183
1027	1.772
1028	2.183
1029	2.82
1030	2.211
1031	1.769
1032	2.424
1033	1.632
1034	2.31
1035	2.763
1036	1.827
1037	2.048
1038	2.358
1039	1.593
1040	2.216
1041	1.937
1042	1.796
1043	2.43
1044	2.593
1045	2.638
1046	1.849
1047	2.534
1048	2.028
1049	2.478
1050	2.046
1051	2.216
1052	1.924
1053	1.347
1054	3.166
1055	2.567
1056	1.767
1057	2.54
1058	1.852
1059	1.921
1060	2.129
1061	2.156
1062	2.517
1063	2.381
1064	1.884
1065	1.834
1066	2.16
1067	2.043
1068	2.593
1069	2.393
1070	2.736
1071	2.4
1072	2.067
1073	3.223
1074	2.36
1075	1.633
1076	1.969
1077	1.414
1078	1.941
1079	2.264
1080	2.303
1081	1.94
1082	2.06
1083	1.781
1084	2.616
1085	2.215
1086	2.502
1087	2.023
1088	2.495
1089	2.064
1090	1.989
1091	2.163
1092	2.379
1093	2.298
1094	2.196
1095	2.354
1096	1.971
1097	2.408
1098	2.409
1099	2.722
1100	1.886
1101	2.196
1102	2.168
1103	2.148
1104	2.55
1105	1.873
1106	2.084
1107	2.577
1108	1.713
1109	2.067
1110	2.316
1111	1.552
1112	2.513
1113	2.356
1114	2.039
1115	2.272
1116	2.398
1117	2.329
1118	2.297
1119	2.403
1120	2.436
1121	2.509
1122	2.613
1123	2.087
1124	1.893
1125	2.372
1126	2.436
1127	2.096
1128	2.176
1129	1.526
1130	2.429
1131	1.814
1132	2.84
1133	2.318
1134	2.293
1135	2.308
1136	2.411
1137	2.457
1138	2.48
1139	2.147
1140	2.753
1141	2.175
1142	2.558
1143	2.524
1144	2.438
1145	1.983
1146	2.55
1147	2.482
1148	1.908
1149	2.047
1150	2.192
1151	2.382
1152	2.446
1153	2.521
1154	2.424
1155	2.226
1156	1.826
1157	2.274
1158	1.984
1159	2.177
1160	2.16
1161	1.389
1162	3.145
1163	2.14
1164	2.481
1165	1.75
1166	1.895
1167	2.475
1168	1.373
1169	1.991
1170	1.918
1171	2.093
1172	1.918
1173	1.756
1174	1.91
1175	2.53
1176	2.093
1177	2.108
1178	2.102
1179	2.39
1180	2.24
1181	2.553
1182	2.435
1183	1.822
1184	2.159
1185	1.748
1186	2.469
1187	1.732
1188	2.246
1189	2.262
1190	2.317
1191	2.121
1192	2.612
1193	2.032
1194	2.53
1195	1.941
1196	2.608
1197	1.765
1198	2.136
1199	2.302
1200	2.451
1201	2.413
1202	2.182
1203	2.184
1204	3.001
1205	1.647
1206	2.193
1207	3.197
1208	1.794
1209	2.155
1210	1.829
1211	2.179
1212	2.362
1213	2.564
1214	2.065
1215	1.449
1216	2.448
1217	1.716
1218	2.243
1219	2.536
1220	1.747
1221	1.77
1222	2.465
1223	1.289
1224	1.96
1225	1.809
1226	2.385
1227	2.933
1228	2.575
1229	2.113
1230	2.494
1231	1.737
1232	2.389
1233	1.897
1234	2.415
1235	2.368
1236	2.288
1237	2.081
1238	2.67
1239	1.449
1240	2.238
1241	1.739
1242	1.762
1243	2.107
1244	1.881
1245	2.382
1246	2.341
1247	2.183
1248	2.439
1249	2.031
1250	2.392
1251	2.044
1252	2.418
1253	2.315
1254	1.579
1255	2.139
1256	2.465
1257	2.111
1258	2.713
1259	2.392
1260	2.722
1261	2.345
1262	2.435
1263	1.612
1264	2.224
1265	2.046
1266	2.324
1267	2.185
1268	2.606
1269	2.253
1270	2.605
1271	1.602
1272	2.556
1273	2.381
1274	2.377
1275	2.441
1276	2.147
1277	1.839
1278	2.036
1279	2.117
1280	2.547
1281	1.845
1282	2.216
1283	2.585
1284	1.38
1285	2.249
1286	2.571
1287	2.222
1288	2.782
1289	2.129
1290	2.404
1291	2.336
1292	2.295
1293	2.703
1294	1.379
1295	2.849
1296	1.703
1297	2.036
1298	2.059
1299	2.857
1300	1.861
1301	2.36
1302	1.763
1303	2.504
1304	2.39
1305	2.695
1306	2.295
1307	1.467
1308	2.114
1309	2.621
1310	2.103
1311	2.426
1312	2.297
1313	1.675
1314	2.014
1315	2.509
1316	2.124
1317	1.642
1318	2.204
1319	1.857
1320	2.902
1321	2.351
1322	2.062
1323	2.079
1324	2.406
1325	2.057
1326	2.49
1327	2.05
1328	1.41
1329	1.781
1330	1.775
1331	1.451
1332	2.206
1333	2.365
1334	2.235
1335	1.859
1336	2.257
1337	2.302
1338	2.381
1339	2.237
1340	1.965
1341	2.552
1342	1.691
1343	2.625
1344	2.497
1345	1.834
1346	2.036
1347	2.122
1348	2.017
1349	2.455
1350	2.631
1351	2.101
1352	2.353
1353	2.698
1354	2.083
1355	2.791
1356	2.038
1357	2.169
1358	2.746
1359	2.064
1360	2.082
1361	2.136
1362	3.325
1363	2.626
1364	2.931
1365	1.957
1366	2.028
1367	1.667
1368	2.153
1369	2.245
1370	2.026
1371	2.173
1372	2.727
1373	2.111
1374	1.919
1375	2.243
1376	2.315
1377	2.705
1378	1.562
1379	2.038
1380	2.558
1381	1.939
1382	2.051
1383	2.469
1384	1.652
1385	1.786
1386	2.601
1387	2.432
1388	2.558
1389	2.817
1390	2.723
1391	2.074
1392	1.648
1393	2.129
1394	1.926
1395	1.621
1396	2.401
1397	2.34
1398	2.391
1399	2.625
1400	2.488
1401	1.657
1402	1.302
1403	2.233
1404	2.208
1405	2.695
1406	1.878
1407	2.909
1408	2.59
1409	2.108
1410	2.102
1411	2.369
1412	2.4
1413	2.653
1414	2.067
1415	2.084
1416	2.489
1417	1.752
1418	2.202
1419	2.099
1420	2.785
1421	2.488
1422	1.842
1423	2.423
1424	2.546
1425	2.13
1426	1.495
1427	1.723
1428	1.549
1429	2.457
1430	2.736
1431	2.28
1432	2.091
1433	2.301
1434	1.894
1435	2.387
1436	2.297
1437	2.307
1438	2.479
1439	2.348
1440	2.16
1441	2.123
1442	2.376
1443	1.66
1444	2.222
1445	3.055
1446	2.181
1447	2.364
1448	2.277
1449	2.288
1450	2.715
1451	2.491
1452	2.18
1453	2.023
1454	2.319
1455	2.405
1456	2.35
1457	1.914
1458	2.042
1459	1.434
1460	2.159
1461	2.906
1462	2.143
1463	2.663
1464	2.15
1465	2.327
1466	2.527
1467	3.101
1468	1.784
1469	2.519
1470	2.383
1471	1.843
1472	2.762
1473	2.503
1474	2.486
1475	2.883
1476	2.158
1477	1.911
1478	2.619
1479	2.062
1480	2.289
1481	2.032
1482	1.961
1483	2.389
1484	2.023
1485	1.933
1486	2.162
1487	2.64
1488	2.124
1489	2.131
1490	1.751
1491	1.963
1492	1.973
1493	2.858
1494	1.254
1495	2.319
1496	2.182
1497	2.375
1498	1.961
1499	2.032
1500	2.396
1501	3.064
1502	2.318
1503	1.699
1504	2.261
1505	1.916
1506	2.223
1507	2.192
1508	2.447
1509	2.238
1510	2.088
1511	1.446
1512	2.899
1513	2.521
1514	2.157
1515	1.99
1516	2.297
1517	2.404
1518	2.208
1519	2.356
1520	2.443
1521	1.784
1522	2.648
1523	2.499
1524	2.203
1525	1.891
1526	2.472
1527	2.144
1528	2.134
1529	2.299
1530	2.385
1531	2.548
1532	2.702
1533	2.15
1534	2.314
1535	1.986
1536	2.515
1537	2.257
1538	1.634
1539	2.543
1540	1.594
1541	2.785
1542	1.872
1543	1.985
1544	1.855
1545	1.678
1546	1.939
1547	1.763
1548	1.852
1549	2.382
1550	1.484
1551	2.477
1552	2.178
1553	2.118
1554	1.95
1555	2.448
1556	2.701
1557	1.892
1558	2.232
1559	2.662
1560	2.265
1561	2.288
1562	1.833
1563	2.33
1564	2.279
1565	1.644
1566	1.724
1567	1.833
1568	2.448
1569	2.508
1570	2.15
1571	2.563
1572	2.575
1573	2.218
1574	2.466
1575	2.554
1576	2.666
1577	1.758
1578	2.392
1579	2.476
1580	1.713
1581	2.306
1582	1.858
1583	1.622
1584	1.978
1585	2.661
1586	1.952
1587	2.001
1588	2.244
1589	2.265
1590	2.526
1591	2.426
1592	2.459
1593	2.469
1594	2.408
1595	1.774
1596	1.779
1597	2.626
1598	1.592
1599	2.312
1600	1.836
1601	2.236
1602	1.175
1603	1.965
1604	1.967
1605	2.201
1606	1.902
1607	2.335
1608	2.123
1609	1.814
1610	1.201
1611	2.249
1612	3.087
1613	1.784
1614	1.161
1615	2.133
1616	2.13
1617	1.736
1618	2.325
1619	1.849
1620	2.094
1621	1.924
1622	2.05
1623	2.345
1624	2.514
1625	2.567
1626	2.616
1627	2.179
1628	2.168
1629	2.021
1630	2.426
1631	2.146
1632	1.891
1633	2.123
1634	1.744
1635	2.324
1636	2.057
1637	2.857
1638	2.32
1639	2.096
1640	1.635
1641	2.287
1642	2.569
1643	2.425
1644	2.333
1645	2.512
1646	1.989
1647	1.874
1648	2.363
1649	1.758
1650	2.372
1651	2.061
1652	1.309
1653	1.762
1654	2.313
1655	1.634
1656	2.489
1657	1.826
1658	2.589
1659	2.477
1660	2.521
1661	1.542
1662	2.003
1663	2.227
1664	2.325
1665	2.255
1666	2.538
1667	2.441
1668	1.693
1669	2.557
1670	2.422
1671	2.343
1672	1.867
1673	1.938
1674	1.524
1675	2.096
1676	1.638
1677	2.453
1678	2.032
1679	2.072
1680	2.28
1681	2.019
1682	2.549
1683	2.54
1684	2.293
1685	2.263
1686	1.801
1687	2.231
1688	1.844
1689	2.144
1690	1.943
1691	1.791
1692	2.093
1693	2.893
1694	2.15
1695	1.492
1696	2.087
1697	1.91
1698	1.971
1699	1.89
1700	2.15
1701	2.367
1702	2.354
1703	1.206
1704	1.657
1705	1.816
1706	2.406
1707	2.542
1708	1.956
1709	2.152
1710	2.621
1711	2.206
1712	2.169
1713	2.517
1714	1.882
1715	2.277
1716	3.079
1717	2.234
1718	2.688
1719	2.278
1720	1.8
1721	1.846
1722	2.381
1723	1.727
1724	2.585
1725	1.949
1726	2.459
1727	2.265
1728	1.54
1729	2.33
1730	2.367
1731	2.596
1732	2.513
1733	2.731
1734	2.134
1735	1.676
1736	2.066
1737	2.071
1738	2.393
1739	2.556
1740	1.865
1741	1.576
1742	1.959
1743	2.304
1744	2.097
1745	2.634
1746	2.361
1747	2.311
1748	2.746
1749	2.097
1750	2.408
1751	1.781
1752	2.845
1753	2.094
1754	2.339
1755	2.807
1756	2.138
1757	2.176
1758	2.125
1759	2.473
1760	2.082
1761	1.747
1762	2.934
1763	2.21
1764	2.343
1765	2.507
1766	2.24
1767	2.336
1768	2.035
1769	2.362
1770	2.436
1771	2.244
1772	2.53
1773	2.036
1774	2.002
1775	2.142
1776	2.169
1777	2.345
1778	2.615
1779	2.193
1780	2.533
1781	2.06
1782	2.088
1783	2.545
1784	1.333
1785	2.127
1786	2.186
1787	2.413
1788	2.064
1789	2.076
1790	1.778
1791	2.377
1792	2.198
1793	2.054
1794	2.872
1795	2.202
1796	1.335
1797	2.478
1798	2.045
1799	2.276
1800	2.962
1801	2.322
1802	2.374
1803	1.995
1804	1.957
1805	1.976
1806	2.046
1807	2.769
1808	2.085
1809	1.821
1810	2.289
1811	1.98
1812	2.926
1813	2.193
1814	2.025
1815	3.017
1816	1.613
1817	2.354
1818	2.029
1819	1.88
1820	2.597
1821	2.182
1822	2.113
1823	1.747
1824	2.422
1825	2.552
1826	2.195
1827	2.409
1828	1.854
1829	1.987
1830	1.722
1831	1.556
1832	1.978
1833	2.625
1834	2.208
1835	2.843
1836	2.027
1837	2.004
1838	1.848
1839	2.782
1840	1.616
1841	2.104
1842	2.368
1843	2.36
1844	1.826
1845	2.267
1846	2.708
1847	1.724
1848	2.569
1849	2.173
1850	2.61
1851	2.104
1852	2.101
1853	2.52
1854	2.632
1855	2.413
1856	2.185
1857	2.205
1858	1.424
1859	2.384
1860	2.098
1861	2.179
1862	2.686
1863	1.942
1864	1.997
1865	2.211
1866	1.448
1867	2.076
1868	2.532
1869	1.914
1870	1.689
1871	2.053
1872	2.816
1873	2.473
1874	2.026
1875	1.965
1876	2.635
1877	2.513
1878	2.333
1879	2.556
1880	1.582
1881	1.958
1882	1.849
1883	1.615
1884	2.013
1885	2.164
1886	1.906
1887	2.495
1888	2.073
1889	2.557
1890	2.332
1891	2.509
1892	1.612
1893	1.829
1894	2.292
1895	1.649
1896	3.271
1897	2.402
1898	2.092
1899	2.677
1900	2.62
1901	2.472
1902	2.278
1903	2.409
1904	2.645
1905	2.274
1906	1.966
1907	1.596
1908	1.436
1909	1.939
1910	2.252
1911	1.788
1912	2.299
1913	2.006
1914	2.006
1915	2.596
1916	2.917
1917	2.246
1918	2.26
1919	2.124
1920	2.774
1921	2.283
1922	2.104
1923	2.229
1924	1.683
1925	2.738
1926	1.821
1927	1.783
1928	1.929
1929	2.795
1930	1.684
1931	2.347
1932	1.824
1933	1.697
1934	2.132
1935	2.338
1936	1.911
1937	1.985
1938	2.278
1939	2.378
1940	2.157
1941	2.057
1942	2.868
1943	2.682
1944	2.481
1945	2.217
1946	2.374
1947	2.655
1948	2.642
1949	2.397
1950	1.906
1951	2.816
1952	2.195
1953	2.356
1954	2.021
1955	2.564
1956	2.575
1957	1.6
1958	2.556
1959	2.006
1960	2.049
1961	2.653
1962	1.898
1963	2.367
1964	2.74
1965	1.846
1966	1.377
1967	2.983
1968	2.287
1969	2.08
1970	2.12
1971	2.769
1972	1.753
1973	1.823
1974	1.987
1975	2.254
1976	2.829
1977	2.195
1978	2.534
1979	2.964
1980	1.638
1981	2.335
1982	2.752
1983	1.683
1984	2.287
1985	1.883
1986	2.567
1987	2.554
1988	2.443
1989	1.72
1990	2.842
1991	1.966
1992	1.779
1993	2.664
1994	1.706
1995	2.231
1996	1.641
1997	1.608
1998	2.384
1999	2.331
2000	1.889
2001	2.227
2002	2.471
2003	2.0
2004	1.624
2005	1.417
2006	2.067
2007	2.375
2008	3.07
2009	2.434
2010	2.227
2011	1.999
2012	1.992
2013	2.238
2014	2.048
2015	2.037
2016	2.338
2017	2.316
2018	2.817
2019	2.203
2020	2.281
2021	2.351
2022	2.634
2023	2.046
2024	2.387
2025	2.119
2026	2.084
2027	2.426
2028	2.903
2029	1.575
2030	1.561
2031	1.376
2032	1.97
2033	2.332
2034	2.497
2035	1.756
2036	1.919
2037	1.822
2038	2.428
2039	2.4
2040	2.555
2041	2.121
2042	2.269
2043	1.619
2044	2.016
2045	2.436
2046	3.082
2047	1.899
2048	1.491
2049	2.474
2050	2.561
2051	2.105
2052	2.436
2053	2.684
2054	2.108
2055	2.306
2056	2.321
2057	2.737
2058	2.234
2059	2.288
2060	2.635
2061	2.307
2062	1.847
2063	2.523
2064	2.079
2065	3.013
2066	1.659
2067	2.116
2068	2.023
2069	2.338
2070	2.164
2071	1.945
2072	2.634
2073	2.376
2074	2.098
2075	1.822
2076	2.389
2077	2.506
2078	2.452
2079	1.366
2080	1.408
2081	2.267
2082	1.909
2083	2.348
2084	2.804
2085	2.332
2086	2.48
2087	2.079
2088	2.287
2089	2.371
2090	2.128
2091	2.48
2092	1.505
2093	1.822
2094	2.848
2095	2.156
2096	2.293
2097	2.602
2098	2.788
2099	2.458
2100	2.462
2101	2.225
2102	2.9
2103	2.886
2104	1.803
2105	2.013
2106	2.084
2107	2.194
2108	2.448
2109	2.033
2110	2.272
2111	2.21
2112	2.481
2113	2.363
2114	2.022
2115	2.263
2116	2.107
2117	1.762
2118	2.214
2119	2.321
2120	2.587
2121	2.268
2122	2.583
2123	2.157
2124	2.408
2125	2.217
2126	2.662
2127	2.479
2128	2.101
2129	2.736
2130	1.558
2131	2.721
2132	2.041
2133	2.998
2134	2.668
2135	2.092
2136	1.887
2137	2.663
2138	1.369
2139	1.779
2140	2.376
2141	2.347
2142	2.462
2143	1.645
2144	2.074
2145	2.058
2146	2.193
2147	2.748
2148	2.296
2149	1.771
2150	2.199
2151	1.902
2152	1.978
2153	2.327
2154	1.596
2155	2.283
2156	2.494
2157	1.998
2158	2.609
2159	1.678
2160	1.853
2161	1.972
2162	2.658
2163	2.229
2164	2.427
2165	2.259
2166	1.826
2167	2.402
2168	2.559
2169	1.418
2170	2.729
2171	1.761
2172	2.344
2173	2.125
2174	1.929
2175	1.907
2176	2.058
2177	2.298
2178	2.39
2179	2.521
2180	2.207
2181	2.111
2182	1.97
2183	1.6
2184	2.256
2185	1.803
2186	2.078
2187	2.132
2188	2.106
2189	2.002
2190	2.913
2191	2.492
2192	2.383
2193	2.566
2194	2.384
2195	2.197
2196	2.038
2197	2.385
2198	2.699
2199	2.494
2200	1.933
2201	1.987
2202	2.758
2203	2.333
2204	2.058
2205	1.984
2206	2.84
2207	1.548
2208	2.57
2209	2.522
2210	2.026
2211	2.729
2212	2.077
2213	2.694
2214	2.178
2215	2.086
2216	2.603
2217	1.849
2218	2.49
2219	1.763
2220	2.755
2221	2.274
2222	2.293
2223	2.172
2224	1.848
2225	2.425
2226	2.711
2227	1.978
2228	2.598
2229	2.356
2230	1.691
2231	1.992
2232	1.909
2233	1.74
2234	2.654
2235	2.232
2236	2.529
2237	2.684
2238	1.829
2239	2.816
2240	2.088
2241	3.132
2242	2.864
2243	2.223
2244	2.59
2245	2.356
2246	1.633
2247	2.339
2248	2.049
2249	1.848
2250	1.786
2251	1.407
2252	2.497
2253	2.403
2254	1.974
2255	1.647
2256	2.318
2257	2.253
2258	2.331
2259	2.548
2260	1.975
2261	2.707
2262	3.055
2263	2.075
2264	2.738
2265	2.284
2266	1.861
2267	2.078
2268	2.255
2269	2.492
2270	1.582
2271	2.501
2272	2.126
2273	1.944
2274	2.478
2275	1.932
2276	2.722
2277	1.948
2278	2.518
2279	2.5
2280	1.391
2281	1.868
2282	2.221
2283	1.502
2284	2.606
2285	2.534
2286	2.095
2287	1.812
2288	2.25
2289	2.167
2290	2.431
2291	2.201
2292	2.223
2293	3.213
2294	2.211
2295	2.27
2296	1.78
2297	2.269
2298	2.681
2299	2.289
2300	2.133
2301	1.585
2302	2.644
2303	2.15
2304	1.936
2305	2.073
2306	2.845
2307	2.126
2308	2.589
2309	1.984
2310	1.632
2311	2.247
2312	1.582
2313	2.264
2314	2.259
2315	2.548
2316	2.428
2317	2.65
2318	2.376
2319	2.784
2320	2.203
2321	2.243
2322	2.602
2323	2.326
2324	1.743
2325	1.535
2326	2.343
2327	2.412
2328	2.096
2329	2.292
2330	1.968
2331	2.789
2332	2.522
2333	1.886
2334	2.175
2335	2.093
2336	2.759
2337	2.433
2338	2.459
2339	2.086
2340	2.077
2341	2.858
2342	2.12
2343	2.218
2344	2.222
2345	2.438
2346	2.198
2347	2.595
2348	2.459
2349	2.197
2350	1.968
2351	2.605
2352	2.304
2353	2.156
2354	2.232
2355	2.432
2356	2.413
2357	2.237
2358	2.293
2359	2.133
2360	2.629
2361	2.17
2362	1.158
2363	1.964
2364	2.182
2365	2.44
2366	2.06
2367	2.062
2368	2.352
2369	1.986
2370	1.909
2371	1.896
2372	2.162
2373	1.727
2374	2.278
2375	1.893
2376	2.697
2377	2.021
2378	1.97
2379	2.239
2380	1.816
2381	2.046
2382	1.575
2383	2.472
2384	1.83
2385	1.602
2386	2.531
2387	1.868
2388	2.837
2389	2.216
2390	2.093
2391	1.737
2392	2.33
2393	2.098
2394	1.737
2395	2.127
2396	1.961
2397	2.065
2398	1.923
2399	1.861
2400	2.532
2401	2.738
2402	2.385
2403	1.968
2404	2.535
2405	2.404
2406	3.144
2407	2.255
2408	1.781
2409	1.675
2410	2.706
2411	2.38
2412	2.2
2413	2.329
2414	3.093
2415	2.598
2416	1.687
2417	2.247
2418	2.352
2419	1.747
2420	2.144
2421	2.393
2422	2.113
2423	2.24
2424	2.085
2425	2.128
2426	1.941
2427	1.986
2428	2.456
2429	2.236
2430	1.936
2431	1.791
2432	2.108
2433	2.55
2434	1.973
2435	2.034
2436	2.228
2437	2.232
2438	2.405
2439	2.105
2440	2.514
2441	1.943
2442	1.92
2443	1.827
2444	2.431
2445	2.072
2446	1.716
2447	2.224
2448	1.887
2449	2.364
2450	2.144
2451	2.473
2452	2.397
2453	2.987
2454	2.415
2455	2.118
2456	1.454
2457	2.071
2458	2.683
2459	2.248
2460	2.688
2461	1.749
2462	2.217
2463	1.466
2464	2.337
2465	3.042
2466	2.722
2467	2.257
2468	2.155
2469	2.189
2470	2.094
2471	2.363
2472	1.864
2473	2.569
2474	2.596
2475	1.874
2476	2.307
2477	2.601
2478	2.163
2479	2.354
2480	2.343
2481	1.873
2482	2.707
2483	1.66
2484	1.7
2485	1.694
2486	2.402
2487	2.092
2488	2.089
2489	2.438
2490	2.448
2491	2.175
2492	2.187
2493	2.34
2494	2.228
2495	1.99
2496	1.773
2497	2.956
2498	2.702
2499	1.881
2500	1.235
2501	2.388
2502	2.301
2503	2.713
2504	1.761
2505	2.176
2506	2.714
2507	2.575
2508	2.402
2509	2.556
2510	2.839
2511	2.329
2512	2.627
2513	2.125
2514	2.009
2515	2.03
2516	1.647
2517	1.639
2518	2.323
2519	1.808
2520	2.241
2521	2.37
2522	2.648
2523	2.513
2524	2.245
2525	2.864
2526	2.313
2527	2.463
2528	2.327
2529	1.947
2530	2.379
2531	2.575
2532	2.223
2533	2.052
2534	2.072
2535	2.925
2536	2.107
2537	2.933
2538	2.143
2539	2.19
2540	2.222
2541	1.867
2542	2.808
2543	1.817
2544	2.216
2545	2.156
2546	2.113
2547	3.052
2548	2.403
2549	2.625
2550	2.369
2551	2.292
2552	2.288
2553	2.138
2554	2.054
2555	1.932
2556	1.731
2557	2.314
2558	1.914
2559	2.191
2560	2.046
2561	1.914
2562	1.73
2563	2.295
2564	2.293
2565	2.701
2566	3.189
2567	1.875
2568	2.238
2569	2.52
2570	2.499
2571	2.351
2572	2.13
2573	2.936
2574	2.342
2575	2.542
2576	1.859
2577	2.652
2578	1.9
2579	1.678
2580	1.788
2581	1.82
2582	2.078
2583	1.923
2584	1.95
2585	1.605
2586	1.884
2587	2.681
2588	1.794
2589	2.267
2590	2.238
2591	2.435
2592	2.369
2593	2.535
2594	1.598
2595	2.549
2596	2.66
2597	2.426
2598	2.581
2599	1.812
2600	2.327
2601	2.268
2602	2.498
2603	2.544
2604	1.759
2605	2.386
2606	2.311
2607	2.552
2608	2.208
2609	1.695
2610	2.065
2611	2.221
2612	2.248
2613	1.714
2614	1.963
2615	2.261
2616	2.125
2617	2.432
2618	2.388
2619	2.058
2620	2.103
2621	2.021
2622	3.05
2623	1.992
2624	2.064
2625	2.471
2626	2.311
2627	2.069
2628	2.292
2629	2.48
2630	1.848
2631	2.81
2632	1.777
2633	2.051
2634	2.22
2635	1.759
2636	2.584
2637	2.501
2638	2.031
2639	1.724
2640	2.609
2641	1.981
2642	2.374
2643	2.393
2644	1.937
2645	2.413
2646	1.829
2647	2.596
2648	2.033
2649	2.184
2650	2.081
2651	2.532
2652	2.103
2653	2.828
2654	1.441
2655	2.298
2656	1.947
2657	1.827
2658	2.198
2659	2.083
2660	1.846
2661	2.19
2662	2.032
2663	1.63
2664	2.176
2665	1.841
2666	2.539
2667	1.757
2668	2.451
2669	2.475
2670	2.397
2671	2.629
2672	2.443
2673	1.662
2674	2.25
2675	1.787
2676	2.522
2677	2.369
2678	2.49
2679	2.126
2680	2.57
2681	2.102
2682	2.525
2683	1.723
2684	1.796
2685	1.616
2686	2.185
2687	2.098
2688	2.847
2689	2.254
2690	2.388
2691	2.208
2692	2.534
2693	2.632
2694	2.762
2695	2.697
2696	2.142
2697	1.934
2698	2.271
2699	2.067
2700	2.299
2701	2.456
2702	2.513
2703	2.409
2704	1.69
2705	2.054
2706	2.391
2707	1.406
2708	2.004
2709	2.342
2710	2.604
2711	2.686
2712	2.357
2713	1.849
2714	1.937
2715	1.955
2716	2.028
2717	1.363
2718	2.309
2719	1.393
2720	2.637
2721	2.208
2722	2.357
2723	2.663
2724	2.392
2725	2.538
2726	2.653
2727	2.215
2728	2.277
2729	2.21
2730	2.499
2731	2.525
2732	2.516
2733	2.755
2734	1.748
2735	1.636
2736	2.559
2737	2.406
2738	1.711
2739	2.383
2740	2.146
2741	2.501
2742	1.65
2743	1.975
2744	2.961
2745	2.064
2746	2.189
2747	2.276
2748	2.934
2749	1.572
2750	2.172
2751	1.24
2752	2.095
2753	2.391
2754	2.166
2755	2.798
2756	2.505
2757	1.83
2758	2.04
2759	2.162
2760	2.743
2761	1.95
2762	2.321
2763	2.354
2764	1.938
2765	2.225
2766	2.471
2767	2.309
2768	1.562
2769	2.203
2770	2.498
2771	2.25
2772	2.63
2773	2.311
2774	2.692
2775	2.002
2776	2.33
2777	2.32
2778	2.192
2779	1.856
2780	2.046
2781	2.399
2782	2.222
2783	1.903
2784	2.019
2785	3.196
2786	2.583
2787	1.794
2788	2.315
2789	2.357
2790	2.555
2791	1.991
2792	2.349
2793	2.059
2794	2.206
2795	2.279
2796	2.915
2797	1.375
2798	2.186
2799	2.208
2800	2.312
2801	2.361
2802	1.753
2803	1.395
2804	2.658
2805	2.567
2806	2.331
2807	2.652
2808	2.823
2809	1.796
2810	2.175
2811	2.202
2812	2.78
2813	2.381
2814	2.336
2815	1.995
2816	1.966
2817	2.941
2818	2.347
2819	2.19
2820	1.552
2821	1.839
2822	2.465
2823	2.718
2824	2.429
2825	2.179
2826	2.136
2827	2.293
2828	2.77
2829	2.367
2830	1.769
2831	2.444
2832	1.613
2833	2.218
2834	2.36
2835	2.224
2836	2.171
2837	2.44
2838	2.323
2839	1.911
2840	2.516
2841	2.163
2842	2.59
2843	2.51
2844	2.372
2845	2.337
2846	2.046
2847	2.153
2848	2.592
2849	3.013
2850	1.575
2851	2.761
2852	1.891
2853	1.812
2854	1.878
2855	1.935
2856	2.456
2857	1.851
2858	2.099
2859	2.113
2860	1.777
2861	2.401
2862	2.024
2863	1.755
2864	2.299
2865	2.227
2866	1.784
2867	2.37
2868	2.64
2869	1.555
2870	1.473
2871	2.531
2872	2.539
2873	2.64
2874	3.161
2875	2.52
2876	2.616
2877	1.531
2878	2.005
2879	2.177
2880	2.475
2881	2.176
2882	1.651
2883	1.867
2884	1.939
2885	2.16
2886	2.475
2887	2.237
2888	2.511
2889	2.725
2890	2.728
2891	1.794
2892	1.712
2893	2.26
2894	2.317
2895	1.344
2896	1.931
2897	1.67
2898	2.09
2899	2.362
2900	2.262
2901	1.804
2902	2.111
2903	2.027
2904	2.472
2905	2.312
2906	1.888
2907	2.364
2908	2.445
2909	2.512
2910	2.369
2911	2.345
2912	2.395
2913	2.648
2914	2.642
2915	2.903
2916	2.151
2917	2.313
2918	1.931
2919	2.695
2920	2.091
2921	2.373
2922	2.772
2923	2.243
2924	1.483
2925	2.182
2926	2.014
2927	2.429
2928	2.181
2929	2.381
2930	2.61
2931	2.523
2932	2.183
2933	2.276
2934	1.896
2935	2.191
2936	2.352
2937	2.061
2938	1.811
2939	2.183
2940	1.941
2941	2.547
2942	2.165
2943	2.19
2944	1.825
2945	1.911
2946	2.49
2947	1.805
2948	1.86
2949	2.138
2950	2.032
2951	2.808
2952	2.308
2953	2.334
2954	2.367
2955	2.326
2956	2.289
2957	2.054
2958	2.338
2959	1.771
2960	2.424
2961	2.176
2962	1.325
2963	2.744
2964	1.971
2965	1.746
2966	2.17
2967	1.805
2968	1.803
2969	1.855
2970	2.132
2971	1.941
2972	1.892
2973	1.997
2974	2.276
2975	2.891
2976	2.49
2977	1.742
2978	2.039
2979	2.274
2980	2.56
2981	2.573
2982	2.543
2983	2.011
2984	1.989
2985	2.145
2986	2.472
2987	1.853
2988	1.942
2989	2.401
2990	2.493
2991	2.278
2992	2.61
2993	1.986
2994	2.506
2995	2.549
2996	2.987
2997	2.322
2998	1.888
2999	2.263
3000	1.638
1001	306.7
1002	303.3
1003	307.5
1004	304.7
1005	301.9
1006	306.0
1007	303.5
1008	302.9
1009	305.9
1010	307.3
1011	306.2
1012	302.6
1013	307.9
1014	304.2
1015	303.4
1016	308.4
1017	307.3
1018	301.9
1019	303.5
1020	308.2
1021	303.5
1022	303.4
1023	307.8
1024	303.5
1025	305.9
1026	303.6
1027	303.4
1028	304.5
1029	305.1
1030	303.7
1031	303.3
1032	302.8
1033	306.5
1034	303.4
1035	304.7
1036	304.6
1037	303.0
1038	302.8
1039	309.7
1040	305.9
1041	304.7
1042	303.4
1043	307.1
1044	304.6
1045	303.6
1046	303.3
1047	313.9
1048	302.6
1049	305.2
1050	302.6
1051	305.3
1052	303.8
1053	309.7
1054	310.4
1055	303.1
1056	307.0
1057	302.7
1058	308.0
1059	305.3
1060	302.2
1061	303.7
1062	303.2
1063	303.4
1064	305.5
1065	303.7
1066	303.0
1067	304.7
1068	303.2
1069	304.4
1070	304.4
1071	304.2
1072	302.8
1073	310.4
1074	302.5
1075	308.9
1076	302.9
1077	307.7
1078	303.4
1079	302.3
1080	302.7
1081	304.2
1082	304.7
1083	304.8
1084	303.4
1085	304.0
1086	303.9
1087	303.6
1088	304.7
1089	306.2
1090	305.1
1091	306.3
1092	304.1
1093	301.8
1094	305.3
1095	302.4
1096	303.2
1097	303.4
1098	302.5
1099	304.6
1100	304.0
1101	302.0
1102	302.0
1103	302.4
1104	303.4
1105	308.2
1106	303.0
1107	304.1
1108	306.0
1109	305.7
1110	308.5
1111	306.9
1112	305.8
1113	302.6
1114	302.2
1115	303.1
1116	302.8
1117	303.7
1118	301.8
1119	303.9
1120	302.7
1121	306.8
1122	306.1
1123	305.2
1124	308.5
1125	307.0
1126	302.6
1127	302.3
1128	308.5
1129	307.8
1130	304.7
1131	303.4
1132	309.8
1133	303.0
1134	302.0
1135	307.5
1136	305.3
1137	304.9
1138	302.6
1139	303.9
1140	304.9
1141	301.8
1142	303.1
1143	309.9
1144	304.7
1145	306.4
1146	305.4
1147	306.2
1148	302.9
1149	302.2
1150	302.0
1151	306.6
1152	302.4
1153	303.3
1154	304.1
1155	301.8
1156	303.2
1157	303.7
1158	302.5
1159	303.4
1160	307.0
1161	307.4
1162	310.3
1163	302.4
1164	304.7
1165	303.6
1166	304.6
1167	304.7
1168	309.0
1169	302.4
1170	309.7
1171	302.2
1172	302.6
1173	304.1
1174	302.7
1175	304.3
1176	303.0
1177	301.8
1178	302.3
1179	303.7
1180	302.3
1181	303.6
1182	305.6
1183	305.6
1184	302.0
1185	308.2
1186	302.7
1187	306.6
1188	302.1
1189	302.2
1190	302.2
1191	303.7
1192	303.6
1193	308.6
1194	303.2
1195	306.2
1196	303.2
1197	304.5
1198	301.9
1199	303.7
1200	305.9
1201	303.0
1202	302.2
1203	303.3
1204	308.4
1205	304.9
1206	307.0
1207	313.2
1208	305.3
1209	305.8
1210	303.1
1211	303.6
1212	303.1
1213	306.0
1214	302.2
1215	310.8
1216	302.3
1217	307.2
1218	302.1
1219	305.5
1220	304.5
1221	306.4
1222	303.1
1223	308.6
1224	306.6
1225	307.0
1226	302.5
1227	308.0
1228	303.3
1229	304.6
1230	303.2
1231	304.9
1232	303.5
1233	306.1
1234	302.6
1235	303.0
1236	302.2
1237	302.0
1238	304.9
1239	309.9
1240	304.4
1241	304.0
1242	307.2
1243	301.9
1244	303.9
1245	304.2
1246	302.1
1247	302.0
1248	303.2
1249	302.8
1250	302.1
1251	307.5
1252	305.5
1253	304.2
1254	310.3
1255	303.1
1256	307.8
1257	303.4
1258	304.0
1259	303.6
1260	307.3
1261	302.9
1262	306.8
1263	304.8
1264	302.6
1265	305.6
1266	302.6
1267	303.2
1268	304.1
1269	305.9
1270	310.7
1271	306.3
1272	305.1
1273	304.7
1274	303.6
1275	303.8
1276	302.6
1277	304.4
1278	302.3
1279	302.3
1280	302.9
1281	303.1
1282	302.6
1283	304.0
1284	310.3
1285	302.8
1286	303.4
1287	304.9
1288	307.3
1289	309.2
1290	302.6
1291	305.2
1292	305.2
1293	305.0
1294	307.2
1295	306.5
1296	306.2
1297	302.9
1298	302.3
1299	308.9
1300	302.8
1301	302.7
1302	305.9
1303	302.6
1304	302.2
1305	304.2
1306	302.9
1307	310.3
1308	301.9
1309	303.5
1310	302.3
1311	303.6
1312	304.0
1313	306.4
1314	302.9
1315	305.8
1316	303.5
1317	304.9
1318	303.3
1319	309.8
1320	305.9
1321	304.5
1322	301.9
1323	303.3
1324	303.1
1325	302.9
1326	306.2
1327	302.7
1328	308.2
1329	305.5
1330	304.4
1331	306.6
1332	305.1
1333	310.2
1334	302.2
1335	303.1
1336	302.3
1337	302.9
1338	303.9
1339	301.9
1340	302.7
1341	302.9
1342	304.0
1343	308.9
1344	302.8
1345	309.7
1346	302.8
1347	302.5
1348	303.2
1349	302.9
1350	306.3
1351	301.9
1352	302.9
1353	306.5
1354	303.4
1355	304.7
1356	302.2
1357	306.5
1358	305.8
1359	303.1
1360	302.3
1361	305.5
1362	319.6
1363	305.3
1364	307.5
1365	302.7
1366	304.5
1367	305.0
1368	304.4
1369	302.1
1370	303.9
1371	303.5
1372	306.1
1373	303.7
1374	303.9
1375	307.8
1376	302.5
1377	306.4
1378	311.6
1379	303.2
1380	304.2
1381	303.1
1382	306.2
1383	303.3
1384	309.9
1385	303.5
1386	305.4
1387	305.4
1388	304.1
1389	305.2
1390	309.9
1391	309.6
1392	305.9
1393	302.2
1394	304.1
1395	304.8
1396	303.5
1397	302.0
1398	304.6
1399	303.4
1400	304.3
1401	305.2
1402	308.5
1403	302.2
1404	301.8
1405	303.9
1406	302.8
1407	306.3
1408	303.1
1409	308.5
1410	303.6
1411	303.3
1412	302.8
1413	304.4
1414	304.7
1415	307.8
1416	302.6
1417	303.7
1418	306.9
1419	303.8
1420	305.9
1421	303.5
1422	305.3
1423	306.3
1424	304.0
1425	303.1
1426	307.4
1427	310.3
1428	306.2
1429	305.6
1430	304.1
1431	302.0
1432	302.7
1433	301.8
1434	304.4
1435	303.9
1436	304.0
1437	302.8
1438	304.0
1439	302.7
1440	302.9
1441	303.3
1442	303.4
1443	304.3
1444	304.1
1445	308.8
1446	301.8
1447	302.1
1448	309.6
1449	307.6
1450	306.9
1451	304.7
1452	303.8
1453	306.9
1454	303.9
1455	302.7
1456	304.9
1457	304.1
1458	303.5
1459	309.3
1460	303.9
1461	306.4
1462	306.2
1463	304.3
1464	305.7
1465	302.2
1466	304.3
1467	308.9
1468	305.6
1469	307.4
1470	302.5
1471	302.8
1472	305.3
1473	303.5
1474	303.1
1475	306.0
1476	313.0
1477	304.6
1478	306.1
1479	303.9
1480	302.0
1481	302.1
1482	302.5
1483	303.0
1484	303.8
1485	303.2
1486	302.7
1487	305.1
1488	302.2
1489	307.4
1490	307.9
1491	308.5
1492	302.4
1493	306.2
1494	311.0
1495	304.8
1496	308.3
1497	302.9
1498	302.9
1499	302.0
1500	306.7
1501	317.0
1502	302.8
1503	305.9
1504	302.3
1505	303.4
1506	302.7
1507	303.1
1508	303.7
1509	303.4
1510	302.5
1511	308.0
1512	309.0
1513	304.7
1514	303.1
1515	307.3
1516	304.5
1517	302.5
1518	303.6
1519	302.5
1520	303.5
1521	305.7
1522	305.0
1523	304.3
1524	301.8
1525	302.8
1526	309.8
1527	301.9
1528	303.4
1529	303.9
1530	305.2
1531	306.1
1532	304.2
1533	302.8
1534	309.9
1535	302.4
1536	303.8
1537	302.3
1538	304.4
1539	303.2
1540	312.0
1541	304.7
1542	303.6
1543	309.5
1544	302.9
1545	310.5
1546	304.7
1547	314.0
1548	303.1
1549	303.7
1550	307.2
1551	303.7
1552	303.0
1553	304.8
1554	304.0
1555	302.9
1556	305.3
1557	304.1
1558	302.8
1559	304.7
1560	302.1
1561	302.3
1562	303.7
1563	303.7
1564	302.2
1565	304.4
1566	304.4
1567	303.6
1568	304.7
1569	305.4
1570	302.2
1571	303.4
1572	303.2
1573	303.3
1574	303.0
1575	304.2
1576	304.3
1577	306.3
1578	303.7
1579	303.7
1580	303.8
1581	301.9
1582	303.5
1583	309.2
1584	305.8
1585	306.1
1586	305.3
1587	305.3
1588	305.3
1589	302.4
1590	302.9
1591	306.8
1592	306.1
1593	302.8
1594	303.3
1595	305.9
1596	304.8
1597	305.0
1598	306.7
1599	305.1
1600	303.5
1601	303.2
1602	312.2
1603	304.8
1604	302.9
1605	303.6
1606	302.9
1607	302.1
1608	302.0
1609	303.7
1610	311.6
1611	303.3
1612	308.4
1613	305.8
1614	315.0
1615	302.2
1616	302.6
1617	303.9
1618	303.7
1619	303.7
1620	302.9
1621	304.8
1622	305.4
1623	302.6
1624	302.6
1625	302.9
1626	306.8
1627	302.4
1628	305.0
1629	302.8
1630	303.3
1631	302.1
1632	308.2
1633	309.4
1634	307.2
1635	303.5
1636	302.5
1637	309.6
1638	302.0
1639	302.9
1640	304.6
1641	303.5
1642	305.6
1643	303.5
1644	303.3
1645	308.5
1646	302.5
1647	303.7
1648	302.4
1649	305.7
1650	303.3
1651	304.0
1652	308.9
1653	303.6
1654	302.9
1655	307.5
1656	304.2
1657	303.6
1658	303.8
1659	305.9
1660	303.5
1661	305.5
1662	303.6
1663	303.7
1664	303.3
1665	303.4
1666	303.0
1667	302.7
1668	307.9
1669	304.2
1670	302.8
1671	302.2
1672	306.9
1673	303.0
1674	307.2
1675	306.7
1676	304.8
1677	302.4
1678	302.9
1679	304.0
1680	303.6
1681	303.7
1682	306.1
1683	304.6
1684	306.3
1685	303.6
1686	303.7
1687	308.4
1688	303.3
1689	303.0
1690	304.5
1691	305.4
1692	303.9
1693	306.2
1694	302.7
1695	305.9
1696	305.1
1697	303.9
1698	302.4
1699	303.4
1700	305.5
1701	302.3
1702	303.8
1703	310.6
1704	309.1
1705	304.3
1706	303.4
1707	304.3
1708	305.5
1709	302.4
1710	303.6
1711	303.0
1712	305.7
1713	307.2
1714	304.1
1715	303.2
1716	312.1
1717	301.8
1718	304.7
1719	304.1
1720	303.7
1721	304.2
1722	302.0
1723	306.0
1724	303.1
1725	309.0
1726	302.8
1727	302.3
1728	305.4
1729	302.7
1730	304.4
1731	306.1
1732	302.8
1733	304.6
1734	303.5
1735	305.4
1736	302.3
1737	302.4
1738	305.3
1739	307.6
1740	304.0
1741	308.3
1742	305.2
1743	302.3
1744	305.5
1745	303.4
1746	302.4
1747	308.3
1748	308.5
1749	302.7
1750	302.1
1751	303.5
1752	305.8
1753	302.2
1754	303.1
1755	305.7
1756	303.0
1757	314.1
1758	301.8
1759	312.0
1760	301.9
1761	303.4
1762	306.4
1763	302.9
1764	302.0
1765	303.3
1766	304.5
1767	304.0
1768	304.6
1769	304.6
1770	302.4
1771	301.9
1772	304.7
1773	310.5
1774	302.4
1775	304.0
1776	302.4
1777	302.0
1778	304.3
1779	304.0
1780	307.6
1781	306.2
1782	315.4
1783	306.0
1784	316.4
1785	303.9
1786	303.7
1787	304.7
1788	312.1
1789	302.4
1790	304.8
1791	303.5
1792	301.9
1793	303.4
1794	310.2
1795	303.2
1796	309.1
1797	305.0
1798	304.1
1799	302.2
1800	311.3
1801	305.2
1802	306.9
1803	302.7
1804	302.4
1805	305.0
1806	305.0
1807	305.2
1808	302.5
1809	308.0
1810	304.8
1811	302.2
1812	307.8
1813	302.7
1814	302.9
1815	307.2
1816	307.9
1817	305.0
1818	305.3
1819	302.6
1820	303.6
1821	301.9
1822	302.6
1823	305.3
1824	303.1
1825	304.3
1826	302.0
1827	302.3
1828	303.7
1829	304.1
1830	308.7
1831	308.7
1832	305.0
1833	311.3
1834	304.2
1835	307.0
1836	302.2
1837	302.3
1838	305.4
1839	305.6
1840	306.7
1841	302.2
1842	307.0
1843	302.8
1844	303.3
1845	304.3
1846	305.0
1847	305.7
1848	303.4
1849	306.7
1850	304.1
1851	305.0
1852	306.1
1853	308.2
1854	311.3
1855	302.6
1856	306.0
1857	302.1
1858	306.9
1859	304.8
1860	303.1
1861	302.5
1862	306.4
1863	305.0
1864	305.0
1865	302.2
1866	307.3
1867	311.6
1868	304.1
1869	303.8
1870	303.9
1871	304.3
1872	307.2
1873	302.6
1874	303.4
1875	304.4
1876	304.8
1877	303.3
1878	302.7
1879	303.4
1880	306.7
1881	303.7
1882	303.5
1883	305.9
1884	303.0
1885	302.6
1886	303.9
1887	304.3
1888	306.8
1889	303.2
1890	302.3
1891	307.0
1892	304.8
1893	304.9
1894	301.9
1895	318.1
1896	323.0
1897	302.6
1898	301.9
1899	304.5
1900	306.9
1901	306.0
1902	304.0
1903	302.3
1904	305.1
1905	304.0
1906	304.9
1907	308.6
1908	308.4
1909	303.8
1910	303.7
1911	304.2
1912	304.2
1913	303.4
1914	305.1
1915	305.6
1916	309.1
1917	303.8
1918	302.3
1919	301.9
1920	306.0
1921	302.8
1922	304.1
1923	303.4
1924	304.3
1925	306.2
1926	305.2
1927	304.2
1928	307.9
1929	306.9
1930	304.2
1931	306.1
1932	304.6
1933	305.5
1934	302.2
1935	303.8
1936	305.4
1937	302.6
1938	302.1
1939	302.4
1940	303.9
1941	306.2
1942	305.8
1943	306.3
1944	303.5
1945	303.0
1946	304.1
1947	309.1
1948	305.4
1949	302.2
1950	306.6
1951	307.0
1952	308.3
1953	302.1
1954	304.3
1955	303.5
1956	308.6
1957	305.4
1958	303.9
1959	307.6
1960	305.0
1961	306.3
1962	303.1
1963	304.2
1964	304.3
1965	307.3
1966	307.5
1967	306.9
1968	304.4
1969	305.5
1970	303.7
1971	306.4
1972	304.4
1973	306.4
1974	306.7
1975	303.7
1976	306.6
1977	306.9
1978	307.6
1979	307.8
1980	306.9
1981	309.6
1982	304.9
1983	304.5
1984	305.9
1985	303.1
1986	305.2
1987	308.3
1988	305.6
1989	307.3
1990	305.2
1991	302.9
1992	306.0
1993	305.8
1994	311.3
1995	302.1
1996	304.9
1997	306.6
1998	302.3
1999	306.0
2000	303.5
2001	301.8
2002	303.2
2003	304.5
2004	309.5
2005	306.8
2006	304.6
2007	302.5
2008	312.7
2009	302.6
2010	302.1
2011	303.1
2012	302.6
2013	303.2
2014	302.6
2015	303.1
2016	302.0
2017	301.9
2018	304.9
2019	304.0
2020	309.2
2021	302.1
2022	304.2
2023	302.8
2024	303.9
2025	303.7
2026	303.3
2027	302.7
2028	313.0
2029	307.9
2030	306.9
2031	312.8
2032	304.1
2033	304.2
2034	302.9
2035	308.0
2036	303.1
2037	303.7
2038	304.7
2039	304.7
2040	304.3
2041	301.8
2042	302.0
2043	305.7
2044	302.2
2045	303.0
2046	309.1
2047	305.6
2048	306.5
2049	303.2
2050	305.5
2051	303.6
2052	304.0
2053	305.4
2054	303.0
2055	305.2
2056	303.9
2057	304.7
2058	303.0
2059	302.5
2060	305.2
2061	303.7
2062	304.2
2063	303.5
2064	303.7
2065	312.7
2066	304.2
2067	303.4
2068	302.7
2069	302.2
2070	303.0
2071	305.1
2072	304.5
2073	302.1
2074	302.4
2075	303.6
2076	307.6
2077	307.1
2078	306.3
2079	307.6
2080	308.2
2081	304.1
2082	302.6
2083	303.1
2084	307.2
2085	302.5
2086	307.2
2087	302.9
2088	301.8
2089	306.6
2090	305.7
2091	309.4
2092	307.4
2093	303.9
2094	309.0
2095	301.9
2096	302.1
2097	304.7
2098	304.9
2099	305.2
2100	304.0
2101	307.6
2102	306.2
2103	307.4
2104	306.0
2105	302.4
2106	310.2
2107	303.9
2108	302.3
2109	309.0
2110	302.1
2111	301.9
2112	303.1
2113	304.9
2114	310.1
2115	302.8
2116	302.8
2117	304.0
2118	308.4
2119	303.2
2120	303.4
2121	302.7
2122	303.4
2123	301.8
2124	303.2
2125	303.7
2126	303.7
2127	304.1
2128	303.0
2129	306.9
2130	306.8
2131	307.0
2132	303.1
2133	308.6
2134	304.0
2135	304.8
2136	304.5
2137	304.7
2138	312.2
2139	304.3
2140	303.1
2141	303.5
2142	304.8
2143	305.2
2144	303.4
2145	304.2
2146	305.5
2147	304.9
2148	303.1
2149	307.0
2150	302.3
2151	303.4
2152	303.3
2153	302.5
2154	305.6
2155	305.6
2156	303.3
2157	303.9
2158	304.3
2159	306.9
2160	302.7
2161	305.0
2162	303.8
2163	303.5
2164	302.6
2165	305.2
2166	311.1
2167	302.1
2168	306.4
2169	308.5
2170	304.9
2171	305.3
2172	304.0
2173	306.8
2174	303.4
2175	303.3
2176	305.2
2177	303.1
2178	302.7
2179	303.8
2180	302.7
2181	302.2
2182	304.1
2183	305.0
2184	305.4
2185	304.2
2186	303.6
2187	302.6
2188	302.6
2189	303.3
2190	306.9
2191	302.6
2192	305.6
2193	302.9
2194	302.3
2195	312.2
2196	308.4
2197	302.1
2198	305.9
2199	306.0
2200	308.3
2201	307.1
2202	308.0
2203	302.2
2204	304.9
2205	305.1
2206	308.7
2207	305.7
2208	305.4
2209	306.8
2210	303.5
2211	304.3
2212	302.5
2213	305.9
2214	301.8
2215	302.5
2216	306.5
2217	303.4
2218	305.4
2219	304.9
2220	310.1
2221	304.4
2222	303.4
2223	302.1
2224	303.3
2225	307.7
2226	306.8
2227	308.1
2228	305.1
2229	303.0
2230	310.3
2231	302.7
2232	303.9
2233	304.1
2234	304.2
2235	307.1
2236	302.7
2237	307.1
2238	303.2
2239	308.4
2240	304.2
2241	309.2
2242	305.9
2243	309.2
2244	304.6
2245	302.5
2246	305.1
2247	303.6
2248	302.3
2249	304.0
2250	312.0
2251	307.2
2252	307.2
2253	302.9
2254	304.0
2255	304.4
2256	301.9
2257	302.0
2258	302.3
2259	303.2
2260	304.0
2261	303.9
2262	311.3
2263	302.4
2264	304.1
2265	304.3
2266	306.0
2267	302.6
2268	301.9
2269	303.4
2270	304.9
2271	304.5
2272	303.2
2273	304.6
2274	308.1
2275	304.6
2276	304.4
2277	305.9
2278	303.1
2279	302.8
2280	307.2
2281	304.7
2282	302.7
2283	306.9
2284	303.3
2285	304.3
2286	303.5
2287	303.4
2288	304.4
2289	302.8
2290	304.4
2291	302.5
2292	302.7
2293	310.4
2294	302.0
2295	301.9
2296	303.6
2297	308.5
2298	305.5
2299	305.1
2300	304.8
2301	305.1
2302	305.6
2303	302.4
2304	303.9
2305	303.2
2306	305.7
2307	302.9
2308	303.7
2309	302.4
2310	307.5
2311	303.4
2312	309.2
2313	308.1
2314	302.9
2315	310.6
2316	305.9
2317	304.3
2318	309.3
2319	307.8
2320	303.1
2321	303.6
2322	303.2
2323	304.1
2324	304.1
2325	305.9
2326	305.2
2327	306.0
2328	302.7
2329	307.0
2330	302.3
2331	306.7
2332	306.9
2333	303.9
2334	304.7
2335	305.8
2336	306.5
2337	312.1
2338	304.3
2339	302.5
2340	306.6
2341	313.9
2342	305.3
2343	308.9
2344	307.7
2345	302.9
2346	303.2
2347	303.4
2348	303.5
2349	302.1
2350	306.4
2351	303.2
2352	304.4
2353	302.4
2354	303.6
2355	303.9
2356	303.1
2357	302.4
2358	302.9
2359	307.1
2360	306.4
2361	305.8
2362	311.6
2363	304.7
2364	304.7
2365	304.6
2366	302.8
2367	302.0
2368	307.7
2369	303.8
2370	304.2
2371	303.7
2372	306.1
2373	304.2
2374	304.8
2375	305.9
2376	308.6
2377	303.5
2378	302.9
2379	303.6
2380	305.3
2381	304.4
2382	305.4
2383	305.2
2384	303.2
2385	308.5
2386	305.8
2387	304.4
2388	308.7
2389	304.2
2390	305.5
2391	306.2
2392	309.0
2393	301.8
2394	303.6
2395	308.0
2396	314.7
2397	303.2
2398	302.8
2399	302.9
2400	306.0
2401	307.2
2402	304.6
2403	304.7
2404	304.0
2405	302.2
2406	312.0
2407	304.7
2408	303.8
2409	304.7
2410	304.1
2411	302.2
2412	307.7
2413	303.0
2414	308.3
2415	304.1
2416	309.4
2417	305.8
2418	304.4
2419	307.1
2420	306.7
2421	302.7
2422	303.3
2423	302.2
2424	302.2
2425	302.3
2426	306.5
2427	303.4
2428	305.3
2429	302.0
2430	303.7
2431	303.5
2432	303.6
2433	305.8
2434	304.0
2435	303.6
2436	304.1
2437	303.6
2438	302.6
2439	312.3
2440	303.2
2441	302.9
2442	303.4
2443	304.9
2444	306.6
2445	303.2
2446	309.0
2447	302.1
2448	306.0
2449	305.6
2450	304.2
2451	308.1
2452	304.3
2453	307.7
2454	302.3
2455	302.4
2456	307.1
2457	304.1
2458	303.8
2459	303.2
2460	309.8
2461	304.3
2462	304.6
2463	306.5
2464	301.9
2465	309.6
2466	306.2
2467	305.8
2468	303.6
2469	302.0
2470	304.7
2471	302.3
2472	305.4
2473	304.9
2474	306.1
2475	305.4
2476	302.2
2477	303.6
2478	303.1
2479	305.5
2480	303.0
2481	303.9
2482	306.2
2483	308.5
2484	304.2
2485	305.2
2486	306.2
2487	302.7
2488	304.1
2489	305.2
2490	307.3
2491	306.3
2492	305.9
2493	302.7
2494	304.1
2495	307.1
2496	305.3
2497	308.7
2498	304.5
2499	303.3
2500	309.6
2501	306.2
2502	302.0
2503	304.7
2504	305.3
2505	303.2
2506	304.1
2507	305.3
2508	303.7
2509	303.4
2510	307.9
2511	302.1
2512	305.7
2513	301.9
2514	302.6
2515	302.6
2516	305.2
2517	307.4
2518	307.3
2519	303.8
2520	305.3
2521	305.7
2522	303.7
2523	303.5
2524	302.2
2525	310.8
2526	303.0
2527	306.1
2528	303.1
2529	303.2
2530	317.7
2531	303.6
2532	302.3
2533	302.9
2534	302.3
2535	308.0
2536	303.5
2537	308.1
2538	302.2
2539	303.0
2540	302.5
2541	304.2
2542	307.4
2543	304.7
2544	302.0
2545	304.0
2546	302.2
2547	312.3
2548	302.3
2549	307.5
2550	302.6
2551	303.5
2552	302.5
2553	308.7
2554	302.6
2555	303.3
2556	304.9
2557	307.0
2558	306.6
2559	305.3
2560	302.5
2561	304.3
2562	304.6
2563	302.5
2564	301.9
2565	305.6
2566	313.3
2567	303.5
2568	304.1
2569	302.8
2570	306.7
2571	302.5
2572	302.5
2573	306.9
2574	303.1
2575	305.7
2576	303.3
2577	305.9
2578	310.2
2579	309.9
2580	304.9
2581	307.5
2582	305.7
2583	305.8
2584	302.3
2585	305.1
2586	312.3
2587	308.7
2588	303.6
2589	305.3
2590	308.2
2591	305.3
2592	305.9
2593	309.0
2594	306.5
2595	305.2
2596	306.9
2597	303.0
2598	303.4
2599	303.1
2600	303.6
2601	303.3
2602	310.3
2603	303.5
2604	304.6
2605	302.1
2606	301.9
2607	302.9
2608	304.0
2609	304.6
2610	305.7
2611	302.2
2612	302.8
2613	304.1
2614	308.6
2615	303.7
2616	305.6
2617	303.7
2618	302.5
2619	303.2
2620	305.2
2621	307.1
2622	309.4
2623	309.5
2624	304.7
2625	304.0
2626	301.9
2627	303.0
2628	302.1
2629	302.4
2630	303.3
2631	305.0
2632	304.3
2633	302.4
2634	304.3
2635	305.7
2636	306.5
2637	311.1
2638	303.5
2639	305.1
2640	305.1
2641	302.2
2642	303.1
2643	302.5
2644	302.8
2645	304.3
2646	304.2
2647	303.6
2648	302.3
2649	307.9
2650	308.1
2651	302.7
2652	303.1
2653	306.1
2654	307.9
2655	303.8
2656	303.1
2657	303.3
2658	302.9
2659	307.9
2660	304.9
2661	304.1
2662	302.0
2663	304.7
2664	302.3
2665	306.0
2666	304.1
2667	310.9
2668	302.3
2669	303.5
2670	303.5
2671	304.2
2672	302.7
2673	306.3
2674	303.0
2675	304.6
2676	302.9
2677	302.5
2678	305.3
2679	302.3
2680	305.3
2681	303.9
2682	302.6
2683	306.8
2684	312.0
2685	318.9
2686	304.0
2687	304.2
2688	305.4
2689	302.4
2690	302.8
2691	302.9
2692	308.2
2693	305.3
2694	305.2
2695	307.3
2696	301.9
2697	302.7
2698	302.3
2699	303.5
2700	302.8
2701	302.3
2702	304.1
2703	302.6
2704	304.4
2705	303.2
2706	302.1
2707	307.0
2708	302.2
2709	304.2
2710	303.7
2711	304.6
2712	308.5
2713	302.9
2714	308.4
2715	304.0
2716	302.3
2717	311.0
2718	302.3
2719	307.9
2720	307.7
2721	303.6
2722	305.3
2723	303.6
2724	303.2
2725	304.1
2726	303.9
2727	302.0
2728	302.8
2729	302.4
2730	303.6
2731	304.3
2732	305.1
2733	306.5
2734	305.0
2735	305.2
2736	306.0
2737	307.6
2738	303.7
2739	306.2
2740	311.9
2741	303.5
2742	305.3
2743	304.3
2744	307.1
2745	302.8
2746	302.2
2747	305.6
2748	309.7
2749	305.2
2750	302.8
2751	309.8
2752	303.7
2753	302.3
2754	309.4
2755	305.3
2756	304.5
2757	304.9
2758	302.6
2759	306.6
2760	306.9
2761	308.5
2762	304.9
2763	302.1
2764	304.0
2765	307.9
2766	304.6
2767	301.9
2768	308.0
2769	310.5
2770	304.2
2771	304.0
2772	303.3
2773	304.6
2774	306.0
2775	303.3
2776	303.0
2777	302.2
2778	303.1
2779	302.9
2780	308.4
2781	303.1
2782	305.8
2783	307.3
2784	309.1
2785	310.1
2786	306.0
2787	306.0
2788	306.5
2789	304.3
2790	303.4
2791	303.7
2792	302.6
2793	302.2
2794	305.5
2795	302.5
2796	306.5
2797	309.4
2798	302.9
2799	303.5
2800	309.7
2801	302.0
2802	303.5
2803	309.0
2804	309.5
2805	305.3
2806	303.5
2807	303.6
2808	305.0
2809	304.4
2810	303.0
2811	302.8
2812	307.2
2813	302.9
2814	305.9
2815	304.7
2816	302.8
2817	307.1
2818	302.4
2819	305.3
2820	305.4
2821	309.2
2822	302.8
2823	305.6
2824	303.6
2825	304.4
2826	303.3
2827	304.4
2828	304.8
2829	303.6
2830	304.8
2831	303.1
2832	305.5
2833	303.2
2834	310.0
2835	308.2
2836	304.7
2837	303.1
2838	302.9
2839	302.5
2840	307.2
2841	302.8
2842	305.6
2843	303.5
2844	303.2
2845	310.1
2846	302.4
2847	302.9
2848	303.6
2849	307.8
2850	306.1
2851	308.4
2852	306.1
2853	303.9
2854	304.9
2855	303.7
2856	302.8
2857	303.3
2858	301.9
2859	302.5
2860	304.2
2861	305.8
2862	302.6
2863	303.9
2864	305.3
2865	304.1
2866	306.8
2867	302.7
2868	305.9
2869	308.0
2870	307.2
2871	302.9
2872	304.5
2873	307.6
2874	309.7
2875	302.8
2876	304.5
2877	306.0
2878	304.6
2879	301.9
2880	304.2
2881	306.9
2882	304.3
2883	303.4
2884	306.4
2885	302.3
2886	304.4
2887	304.3
2888	302.7
2889	306.9
2890	306.9
2891	303.2
2892	309.2
2893	304.3
2894	302.3
2895	309.4
2896	306.6
2897	304.1
2898	306.0
2899	303.9
2900	302.6
2901	303.8
2902	303.7
2903	302.3
2904	303.2
2905	302.2
2906	304.6
2907	303.1
2908	302.6
2909	303.4
2910	303.4
2911	308.5
2912	303.4
2913	308.4
2914	304.2
2915	309.0
2916	302.8
2917	309.3
2918	303.2
2919	305.4
2920	302.9
2921	304.7
2922	305.4
2923	303.7
2924	308.1
2925	304.7
2926	304.1
2927	310.7
2928	304.6
2929	303.5
2930	304.9
2931	303.9
2932	303.2
2933	303.1
2934	302.7
2935	303.6
2936	303.1
2937	302.3
2938	304.2
2939	302.3
2940	303.8
2941	304.7
2942	302.5
2943	301.8
2944	303.2
2945	304.7
2946	303.2
2947	305.4
2948	303.2
2949	305.3
2950	305.0
2951	306.4
2952	305.2
2953	308.1
2954	304.8
2955	304.6
2956	302.7
2957	306.8
2958	303.6
2959	303.5
2960	306.1
2961	307.6
2962	308.8
2963	305.7
2964	303.3
2965	304.9
2966	305.6
2967	312.5
2968	308.0
2969	305.3
2970	310.6
2971	303.1
2972	303.8
2973	308.3
2974	305.7
2975	307.1
2976	302.9
2977	305.7
2978	302.1
2979	302.6
2980	303.3
2981	307.0
2982	302.9
2983	309.8
2984	302.5
2985	303.8
2986	303.7
2987	304.2
2988	303.0
2989	305.2
2990	303.2
2991	303.0
2992	304.0
2993	303.0
2994	302.6
2995	305.0
2996	306.9
2997	302.0
2998	303.6
2999	302.5
3000	306.1
1001	0.5011
1002	0.3973
1003	0.4058
1004	0.4398
1005	0.4375
1006	0.4857
1007	0.4075
1008	0.408
1009	0.4387
1010	0.555
1011	0.5683
1012	0.4464
1013	0.4004
1014	0.4149
1015	0.439
1016	0.5584
1017	0.5937
1018	0.4563
1019	0.4722
1020	0.3911
1021	0.4753
1022	0.5109
1023	0.6008
1024	0.4825
1025	0.4528
1026	0.407
1027	0.4628
1028	0.5365
1029	0.4825
1030	0.4069
1031	0.4506
1032	0.4159
1033	0.5324
1034	0.4027
1035	0.4809
1036	0.4147
1037	0.4431
1038	0.4238
1039	0.5496
1040	0.571
1041	0.448
1042	0.4279
1043	0.4972
1044	0.4169
1045	0.4319
1046	0.488
1047	0.68
1048	0.4693
1049	0.4678
1050	0.4196
1051	0.5144
1052	0.4325
1053	0.5101
1054	0.4808
1055	0.4416
1056	0.3945
1057	0.4513
1058	0.5684
1059	0.4311
1060	0.4207
1061	0.3939
1062	0.4281
1063	0.5185
1064	0.3734
1065	0.5023
1066	0.4874
1067	0.527
1068	0.4301
1069	0.3845
1070	0.4849
1071	0.4791
1072	0.4778
1073	0.5041
1074	0.4217
1075	0.5812
1076	0.4967
1077	0.5178
1078	0.5107
1079	0.464
1080	0.4063
1081	0.5313
1082	0.4791
1083	0.5157
1084	0.4766
1085	0.537
1086	0.5082
1087	0.3906
1088	0.4199
1089	0.4198
1090	0.555
1091	0.5452
1092	0.4312
1093	0.4531
1094	0.4315
1095	0.4883
1096	0.4785
1097	0.3965
1098	0.4424
1099	0.422
1100	0.4556
1101	0.4407
1102	0.4753
1103	0.4646
1104	0.4144
1105	0.4337
1106	0.5062
1107	0.5043
1108	0.5261
1109	0.462
1110	0.344
1111	0.4065
1112	0.4263
1113	0.4513
1114	0.4594
1115	0.5044
1116	0.4975
1117	0.5189
1118	0.4404
1119	0.4015
1120	0.4798
1121	0.426
1122	0.421
1123	0.5595
1124	0.531
1125	0.5855
1126	0.481
1127	0.424
1128	0.4683
1129	0.3933
1130	0.4346
1131	0.4895
1132	0.5064
1133	0.4597
1134	0.4277
1135	0.4013
1136	0.4862
1137	0.3897
1138	0.4274
1139	0.4976
1140	0.4186
1141	0.4532
1142	0.4313
1143	0.605
1144	0.4056
1145	0.4043
1146	0.4063
1147	0.4357
1148	0.4875
1149	0.4578
1150	0.4436
1151	0.5027
1152	0.4286
1153	0.4491
1154	0.5301
1155	0.4438
1156	0.468
1157	0.5023
1158	0.4453
1159	0.5252
1160	0.4541
1161	0.4496
1162	0.4221
1163	0.4155
1164	0.5419
1165	0.4788
1166	0.4167
1167	0.4684
1168	0.4549
1169	0.423
1170	0.6243
1171	0.4215
1172	0.4575
1173	0.4439
1174	0.4376
1175	0.4972
1176	0.4835
1177	0.4551
1178	0.4423
1179	0.5237
1180	0.4894
1181	0.4178
1182	0.3781
1183	0.3797
1184	0.474
1185	0.4022
1186	0.4467
1187	0.4943
1188	0.4402
1189	0.4658
1190	0.4293
1191	0.5309
1192	0.4374
1193	0.4562
1194	0.4315
1195	0.5471
1196	0.4384
1197	0.4773
1198	0.439
1199	0.529
1200	0.464
1201	0.4144
1202	0.4834
1203	0.5218
1204	0.5352
1205	0.4311
1206	0.5944
1207	0.5749
1208	0.459
1209	0.4926
1210	0.4802
1211	0.5284
1212	0.5117
1213	0.5603
1214	0.4516
1215	0.3744
1216	0.4439
1217	0.385
1218	0.4602
1219	0.4933
1220	0.4682
1221	0.4861
1222	0.446
1223	0.4454
1224	0.5723
1225	0.3629
1226	0.4796
1227	0.5392
1228	0.4615
1229	0.4898
1230	0.4969
1231	0.4477
1232	0.4162
1233	0.5026
1234	0.4844
1235	0.4959
1236	0.4293
1237	0.4629
1238	0.5223
1239	0.5239
1240	0.3745
1241	0.4788
1242	0.4028
1243	0.4377
1244	0.5085
1245	0.4741
1246	0.4582
1247	0.4627
1248	0.4648
1249	0.5001
1250	0.4645
1251	0.3689
1252	0.453
1253	0.4793
1254	0.5968
1255	0.4135
1256	0.5553
1257	0.4913
1258	0.4463
1259	0.3962
1260	0.5334
1261	0.4701
1262	0.521
1263	0.4465
1264	0.4133
1265	0.5676
1266	0.4606
1267	0.5164
1268	0.5106
1269	0.3682
1270	0.5904
1271	0.4317
1272	0.3888
1273	0.4712
1274	0.5207
1275	0.3913
1276	0.4824
1277	0.3919
1278	0.4327
1279	0.4382
1280	0.4552
1281	0.4736
1282	0.4112
1283	0.4602
1284	0.5054
1285	0.3996
1286	0.4925
1287	0.5051
1288	0.5184
1289	0.4474
1290	0.4723
1291	0.3841
1292	0.5531
1293	0.4451
1294	0.4786
1295	0.4361
1296	0.4246
1297	0.4959
1298	0.4224
1299	0.397
1300	0.4624
1301	0.4969
1302	0.5175
1303	0.4371
1304	0.4737
1305	0.4253
1306	0.4781
1307	0.4718
1308	0.4527
1309	0.4298
1310	0.4332
1311	0.4843
1312	0.3803
1313	0.4341
1314	0.4656
1315	0.3796
1316	0.5213
1317	0.4177
1318	0.4097
1319	0.6153
1320	0.4567
1321	0.5305
1322	0.448
1323	0.4331
1324	0.4023
1325	0.4071
1326	0.3655
1327	0.4078
1328	0.5068
1329	0.4658
1330	0.5017
1331	0.4353
1332	0.5272
1333	0.4881
1334	0.4834
1335	0.4739
1336	0.4132
1337	0.5096
1338	0.4379
1339	0.4325
1340	0.4854
1341	0.4467
1342	0.4362
1343	0.3761
1344	0.4727
1345	0.6235
1346	0.4072
1347	0.4279
1348	0.4054
1349	0.478
1350	0.4355
1351	0.4379
1352	0.4889
1353	0.4629
1354	0.4047
1355	0.4759
1356	0.4655
1357	0.5344
1358	0.5316
1359	0.459
1360	0.4796
1361	0.3674
1362	0.4973
1363	0.4966
1364	0.416
1365	0.4315
1366	0.3824
1367	0.4148
1368	0.384
1369	0.4735
1370	0.3868
1371	0.4849
1372	0.4058
1373	0.5102
1374	0.3932
1375	0.3647
1376	0.4126
1377	0.404
1378	0.3885
1379	0.4469
1380	0.5197
1381	0.416
1382	0.56
1383	0.4041
1384	0.5447
1385	0.4266
1386	0.5016
1387	0.3762
1388	0.3994
1389	0.4663
1390	0.3722
1391	0.6225
1392	0.4433
1393	0.4449
1394	0.5101
1395	0.4814
1396	0.4826
1397	0.4617
1398	0.5326
1399	0.4702
1400	0.5266
1401	0.4254
1402	0.4899
1403	0.4157
1404	0.4605
1405	0.4634
1406	0.4446
1407	0.4268
1408	0.4513
1409	0.4438
1410	0.5039
1411	0.4754
1412	0.4836
1413	0.5092
1414	0.543
1415	0.5399
1416	0.4413
1417	0.4384
1418	0.4556
1419	0.4173
1420	0.4607
1421	0.4376
1422	0.535
1423	0.4222
1424	0.3979
1425	0.4623
1426	0.4651
1427	0.621
1428	0.4716
1429	0.418
1430	0.4627
1431	0.4478
1432	0.4047
1433	0.4427
1434	0.4979
1435	0.5137
1436	0.4009
1437	0.4059
1438	0.4849
1439	0.4065
1440	0.5093
1441	0.5206
1442	0.4007
1443	0.4808
1444	0.4757
1445	0.4368
1446	0.4484
1447	0.456
1448	0.3745
1449	0.6033
1450	0.5581
1451	0.5408
1452	0.4243
1453	0.5222
1454	0.412
1455	0.4187
1456	0.3716
1457	0.5275
1458	0.4482
1459	0.5634
1460	0.532
1461	0.4433
1462	0.551
1463	0.4121
1464	0.4137
1465	0.4218
1466	0.3915
1467	0.4689
1468	0.5338
1469	0.3848
1470	0.4252
1471	0.4594
1472	0.4259
1473	0.457
1474	0.4706
1475	0.4255
1476	0.3749
1477	0.5259
1478	0.5485
1479	0.3841
1480	0.4366
1481	0.4516
1482	0.4382
1483	0.4039
1484	0.4522
1485	0.4112
1486	0.5029
1487	0.391
1488	0.4257
1489	0.5536
1490	0.4554
1491	0.452
1492	0.4703
1493	0.5092
1494	0.4252
1495	0.5513
1496	0.6063
1497	0.4435
1498	0.4118
1499	0.4424
1500	0.554
1501	0.6587
1502	0.4183
1503	0.4716
1504	0.464
1505	0.4404
1506	0.4175
1507	0.5155
1508	0.4765
1509	0.4668
1510	0.4127
1511	0.518
1512	0.4857
1513	0.3979
1514	0.4526
1515	0.5093
1516	0.4504
1517	0.4707
1518	0.4748
1519	0.4844
1520	0.4023
1521	0.3988
1522	0.4246
1523	0.5276
1524	0.4527
1525	0.4791
1526	0.3342
1527	0.4605
1528	0.4176
1529	0.5246
1530	0.3925
1531	0.3923
1532	0.424
1533	0.4879
1534	0.4773
1535	0.4321
1536	0.515
1537	0.4287
1538	0.4743
1539	0.491
1540	0.3409
1541	0.4685
1542	0.42
1543	0.5067
1544	0.473
1545	0.3795
1546	0.4424
1547	0.3657
1548	0.485
1549	0.4643
1550	0.4073
1551	0.4958
1552	0.4988
1553	0.5444
1554	0.4391
1555	0.444
1556	0.5278
1557	0.514
1558	0.481
1559	0.4785
1560	0.4281
1561	0.4252
1562	0.5052
1563	0.5183
1564	0.4485
1565	0.4387
1566	0.4461
1567	0.4794
1568	0.3998
1569	0.5142
1570	0.4739
1571	0.4626
1572	0.4715
1573	0.4111
1574	0.4975
1575	0.4698
1576	0.4144
1577	0.3873
1578	0.4873
1579	0.4527
1580	0.4346
1581	0.4509
1582	0.4596
1583	0.3769
1584	0.378
1585	0.4848
1586	0.3706
1587	0.4862
1588	0.4633
1589	0.4922
1590	0.4644
1591	0.3661
1592	0.3979
1593	0.4212
1594	0.4679
1595	0.454
1596	0.5262
1597	0.5142
1598	0.5345
1599	0.5417
1600	0.4935
1601	0.5173
1602	0.4563
1603	0.3973
1604	0.4918
1605	0.4938
1606	0.484
1607	0.4733
1608	0.4721
1609	0.4119
1610	0.5374
1611	0.4652
1612	0.4997
1613	0.4545
1614	0.5654
1615	0.4706
1616	0.4865
1617	0.4322
1618	0.3959
1619	0.4202
1620	0.4014
1621	0.5209
1622	0.376
1623	0.4625
1624	0.4615
1625	0.4609
1626	0.441
1627	0.4306
1628	0.3687
1629	0.4141
1630	0.3995
1631	0.4765
1632	0.539
1633	0.5954
1634	0.567
1635	0.5248
1636	0.4273
1637	0.5305
1638	0.464
1639	0.3995
1640	0.4589
1641	0.5232
1642	0.4781
1643	0.4345
1644	0.5188
1645	0.4685
1646	0.4618
1647	0.4734
1648	0.4168
1649	0.4307
1650	0.4403
1651	0.5349
1652	0.4278
1653	0.4353
1654	0.4797
1655	0.3754
1656	0.4589
1657	0.4837
1658	0.4854
1659	0.387
1660	0.4408
1661	0.4371
1662	0.5113
1663	0.4931
1664	0.4619
1665	0.5228
1666	0.4814
1667	0.4893
1668	0.5769
1669	0.4126
1670	0.4658
1671	0.4792
1672	0.5706
1673	0.4304
1674	0.492
1675	0.4719
1676	0.4589
1677	0.4702
1678	0.4189
1679	0.4054
1680	0.5176
1681	0.3933
1682	0.5529
1683	0.389
1684	0.5776
1685	0.4911
1686	0.426
1687	0.3807
1688	0.4933
1689	0.5119
1690	0.4494
1691	0.5103
1692	0.4789
1693	0.4813
1694	0.431
1695	0.4463
1696	0.3777
1697	0.5194
1698	0.4333
1699	0.4551
1700	0.4799
1701	0.4255
1702	0.5055
1703	0.45
1704	0.511
1705	0.4195
1706	0.5131
1707	0.3933
1708	0.5047
1709	0.4667
1710	0.4891
1711	0.4618
1712	0.3601
1713	0.3737
1714	0.4658
1715	0.4293
1716	0.5656
1717	0.4384
1718	0.5097
1719	0.5248
1720	0.4982
1721	0.4914
1722	0.4535
1723	0.4346
1724	0.451
1725	0.6094
1726	0.4412
1727	0.4209
1728	0.4534
1729	0.4718
1730	0.379
1731	0.5251
1732	0.4355
1733	0.4733
1734	0.4521
1735	0.4996
1736	0.4531
1737	0.4527
1738	0.398
1739	0.3964
1740	0.43
1741	0.4227
1742	0.4836
1743	0.4388
1744	0.5667
1745	0.4578
1746	0.4195
1747	0.5376
1748	0.4547
1749	0.4617
1750	0.4501
1751	0.4362
1752	0.5002
1753	0.4461
1754	0.4572
1755	0.5095
1756	0.4731
1757	0.6487
1758	0.4534
1759	0.6472
1760	0.4557
1761	0.4532
1762	0.4363
1763	0.5089
1764	0.432
1765	0.4935
1766	0.5157
1767	0.4085
1768	0.5093
1769	0.5126
1770	0.4769
1771	0.444
1772	0.4525
1773	0.5156
1774	0.4239
1775	0.4547
1776	0.4662
1777	0.4427
1778	0.4476
1779	0.3805
1780	0.4249
1781	0.5791
1782	0.5492
1783	0.4403
1784	0.6393
1785	0.4113
1786	0.518
1787	0.5403
1788	0.6205
1789	0.4174
1790	0.3953
1791	0.4063
1792	0.4703
1793	0.3934
1794	0.5104
1795	0.5192
1796	0.5159
1797	0.4293
1798	0.4441
1799	0.4627
1800	0.6075
1801	0.4185
1802	0.3644
1803	0.4887
1804	0.4297
1805	0.4026
1806	0.4091
1807	0.4158
1808	0.4368
1809	0.4192
1810	0.4859
1811	0.4668
1812	0.4254
1813	0.4355
1814	0.4229
1815	0.4741
1816	0.3733
1817	0.5235
1818	0.4413
1819	0.4508
1820	0.4274
1821	0.445
1822	0.4676
1823	0.5255
1824	0.4645
1825	0.4023
1826	0.4423
1827	0.4322
1828	0.4816
1829	0.5285
1830	0.4215
1831	0.5426
1832	0.412
1833	0.489
1834	0.5338
1835	0.5163
1836	0.4308
1837	0.4421
1838	0.4112
1839	0.4994
1840	0.5453
1841	0.4591
1842	0.4334
1843	0.4648
1844	0.4804
1845	0.522
1846	0.5025
1847	0.5095
1848	0.4208
1849	0.4244
1850	0.5106
1851	0.4611
1852	0.4165
1853	0.5976
1854	0.4708
1855	0.4164
1856	0.5057
1857	0.4214
1858	0.4935
1859	0.4499
1860	0.4231
1861	0.4369
1862	0.511
1863	0.376
1864	0.543
1865	0.4804
1866	0.4329
1867	0.3528
1868	0.4528
1869	0.4023
1870	0.4448
1871	0.5154
1872	0.433
1873	0.4759
1874	0.4314
1875	0.4329
1876	0.5171
1877	0.411
1878	0.4985
1879	0.431
1880	0.4252
1881	0.4678
1882	0.4672
1883	0.4019
1884	0.4561
1885	0.4533
1886	0.4962
1887	0.5274
1888	0.5081
1889	0.4896
1890	0.4348
1891	0.4192
1892	0.4329
1893	0.4672
1894	0.4443
1895	0.3807
1896	0.4475
1897	0.4772
1898	0.434
1899	0.498
1900	0.5666
1901	0.3647
1902	0.4692
1903	0.4385
1904	0.4256
1905	0.3831
1906	0.5333
1907	0.4871
1908	0.4387
1909	0.5229
1910	0.3905
1911	0.4249
1912	0.4037
1913	0.4139
1914	0.5348
1915	0.5227
1916	0.3947
1917	0.3954
1918	0.4201
1919	0.4644
1920	0.4008
1921	0.4068
1922	0.3799
1923	0.3885
1924	0.4465
1925	0.3881
1926	0.4365
1927	0.4294
1928	0.5769
1929	0.4084
1930	0.4295
1931	0.5666
1932	0.4189
1933	0.4085
1934	0.422
1935	0.4631
1936	0.4936
1937	0.448
1938	0.4797
1939	0.4269
1940	0.5028
1941	0.415
1942	0.4303
1943	0.5427
1944	0.3998
1945	0.4185
1946	0.4016
1947	0.5211
1948	0.3875
1949	0.4361
1950	0.5365
1951	0.4832
1952	0.5935
1953	0.4645
1954	0.4776
1955	0.471
1956	0.3634
1957	0.4249
1958	0.4191
1959	0.3573
1960	0.3703
1961	0.3773
1962	0.4177
1963	0.5224
1964	0.4528
1965	0.4861
1966	0.4985
1967	0.4879
1968	0.5177
1969	0.3637
1970	0.516
1971	0.4076
1972	0.5062
1973	0.4849
1974	0.4133
1975	0.4458
1976	0.5261
1977	0.4963
1978	0.3972
1979	0.5198
1980	0.509
1981	0.3457
1982	0.428
1983	0.4235
1984	0.3624
1985	0.427
1986	0.5203
1987	0.3498
1988	0.5474
1989	0.5744
1990	0.4584
1991	0.4926
1992	0.5549
1993	0.3834
1994	0.5844
1995	0.4796
1996	0.4938
1997	0.4877
1998	0.4676
1999	0.5711
2000	0.404
2001	0.4342
2002	0.4816
2003	0.4077
2004	0.596
2005	0.4839
2006	0.5399
2007	0.4809
2008	0.3795
2009	0.4859
2010	0.4782
2011	0.4765
2012	0.4715
2013	0.5174
2014	0.4614
2015	0.3993
2016	0.4595
2017	0.4588
2018	0.4629
2019	0.5143
2020	0.6264
2021	0.4329
2022	0.4092
2023	0.4755
2024	0.39
2025	0.3874
2026	0.5079
2027	0.4355
2028	0.4619
2029	0.497
2030	0.4241
2031	0.5498
2032	0.4767
2033	0.3792
2034	0.4328
2035	0.4587
2036	0.4979
2037	0.4592
2038	0.4558
2039	0.5419
2040	0.4481
2041	0.4596
2042	0.4496
2043	0.4304
2044	0.476
2045	0.4836
2046	0.4755
2047	0.3872
2048	0.5058
2049	0.5006
2050	0.5319
2051	0.4754
2052	0.4907
2053	0.519
2054	0.5098
2055	0.496
2056	0.4097
2057	0.4195
2058	0.4252
2059	0.4644
2060	0.4266
2061	0.4106
2062	0.3964
2063	0.4452
2064	0.4142
2065	0.3593
2066	0.4477
2067	0.5204
2068	0.4655
2069	0.4394
2070	0.5141
2071	0.4286
2072	0.4069
2073	0.4576
2074	0.4921
2075	0.474
2076	0.5935
2077	0.4678
2078	0.4899
2079	0.4938
2080	0.4291
2081	0.539
2082	0.4726
2083	0.4396
2084	0.444
2085	0.4125
2086	0.5074
2087	0.4002
2088	0.4521
2089	0.3552
2090	0.4946
2091	0.3421
2092	0.5394
2093	0.4398
2094	0.5638
2095	0.4671
2096	0.478
2097	0.3989
2098	0.4654
2099	0.4213
2100	0.4591
2101	0.5833
2102	0.43
2103	0.3964
2104	0.5291
2105	0.4232
2106	0.4987
2107	0.4956
2108	0.4503
2109	0.3386
2110	0.4574
2111	0.4714
2112	0.4923
2113	0.4637
2114	0.3408
2115	0.4928
2116	0.4508
2117	0.4865
2118	0.4436
2119	0.4073
2120	0.4863
2121	0.4062
2122	0.4524
2123	0.4368
2124	0.4192
2125	0.4797
2126	0.4631
2127	0.4113
2128	0.5114
2129	0.5206
2130	0.5174
2131	0.5586
2132	0.4692
2133	0.404
2134	0.4327
2135	0.409
2136	0.5329
2137	0.5059
2138	0.6112
2139	0.5015
2140	0.4507
2141	0.5216
2142	0.5217
2143	0.5135
2144	0.3922
2145	0.4147
2146	0.4325
2147	0.4147
2148	0.4326
2149	0.5737
2150	0.4897
2151	0.4112
2152	0.5074
2153	0.4886
2154	0.444
2155	0.5637
2156	0.4841
2157	0.4595
2158	0.4131
2159	0.5126
2160	0.4515
2161	0.551
2162	0.4624
2163	0.4613
2164	0.4624
2165	0.368
2166	0.3459
2167	0.4619
2168	0.5499
2169	0.5344
2170	0.5119
2171	0.391
2172	0.4072
2173	0.5743
2174	0.4117
2175	0.4727
2176	0.5129
2177	0.5135
2178	0.4952
2179	0.4004
2180	0.5049
2181	0.4667
2182	0.5283
2183	0.4868
2184	0.4541
2185	0.4708
2186	0.4983
2187	0.4875
2188	0.4443
2189	0.5151
2190	0.5214
2191	0.458
2192	0.5632
2193	0.4549
2194	0.4468
2195	0.3212
2196	0.3821
2197	0.4505
2198	0.5396
2199	0.3659
2200	0.3802
2201	0.4107
2202	0.5479
2203	0.4591
2204	0.5161
2205	0.5398
2206	0.5616
2207	0.5015
2208	0.543
2209	0.5083
2210	0.5216
2211	0.4535
2212	0.4844
2213	0.5343
2214	0.4353
2215	0.4716
2216	0.4154
2217	0.4897
2218	0.4121
2219	0.461
2220	0.5735
2221	0.4424
2222	0.4575
2223	0.4218
2224	0.4359
2225	0.3544
2226	0.5021
2227	0.4807
2228	0.3978
2229	0.5084
2230	0.3867
2231	0.4945
2232	0.4296
2233	0.4627
2234	0.4117
2235	0.3659
2236	0.4405
2237	0.4644
2238	0.4762
2239	0.5728
2240	0.3869
2241	0.4451
2242	0.4486
2243	0.4681
2244	0.3959
2245	0.4405
2246	0.4649
2247	0.5251
2248	0.421
2249	0.4988
2250	0.3971
2251	0.4819
2252	0.4362
2253	0.4385
2254	0.4538
2255	0.4405
2256	0.44
2257	0.4333
2258	0.4799
2259	0.475
2260	0.4983
2261	0.4571
2262	0.3995
2263	0.4199
2264	0.4584
2265	0.4092
2266	0.3685
2267	0.4276
2268	0.4602
2269	0.4922
2270	0.4456
2271	0.4705
2272	0.4837
2273	0.4771
2274	0.5741
2275	0.4107
2276	0.4289
2277	0.4981
2278	0.4583
2279	0.471
2280	0.4556
2281	0.402
2282	0.505
2283	0.4305
2284	0.4333
2285	0.4927
2286	0.416
2287	0.4298
2288	0.4995
2289	0.4299
2290	0.538
2291	0.4388
2292	0.4496
2293	0.5072
2294	0.4397
2295	0.4572
2296	0.4845
2297	0.4122
2298	0.4572
2299	0.4122
2300	0.5299
2301	0.4768
2302	0.4233
2303	0.484
2304	0.5156
2305	0.5144
2306	0.4462
2307	0.4021
2308	0.4732
2309	0.446
2310	0.5572
2311	0.4244
2312	0.588
2313	0.5957
2314	0.5112
2315	0.627
2316	0.3627
2317	0.4151
2318	0.6281
2319	0.56
2320	0.4994
2321	0.5293
2322	0.4611
2323	0.4202
2324	0.5007
2325	0.4835
2326	0.5608
2327	0.4012
2328	0.4179
2329	0.5476
2330	0.4368
2331	0.5138
2332	0.4087
2333	0.5067
2334	0.3733
2335	0.3634
2336	0.5476
2337	0.6404
2338	0.5331
2339	0.4092
2340	0.5864
2341	0.3337
2342	0.3971
2343	0.6174
2344	0.5599
2345	0.4451
2346	0.5206
2347	0.4347
2348	0.512
2349	0.4383
2350	0.3589
2351	0.4708
2352	0.4829
2353	0.4873
2354	0.4372
2355	0.5092
2356	0.4365
2357	0.4116
2358	0.5047
2359	0.5901
2360	0.3721
2361	0.5712
2362	0.5063
2363	0.3783
2364	0.4831
2365	0.5384
2366	0.5009
2367	0.4402
2368	0.3459
2369	0.4986
2370	0.4049
2371	0.5082
2372	0.5467
2373	0.4216
2374	0.4982
2375	0.5637
2376	0.4828
2377	0.4572
2378	0.4316
2379	0.5283
2380	0.5447
2381	0.5029
2382	0.4656
2383	0.396
2384	0.4681
2385	0.408
2386	0.3867
2387	0.4696
2388	0.3764
2389	0.4749
2390	0.513
2391	0.476
2392	0.4568
2393	0.4488
2394	0.4726
2395	0.4441
2396	0.5074
2397	0.4954
2398	0.4672
2399	0.4276
2400	0.525
2401	0.3815
2402	0.3805
2403	0.5241
2404	0.4091
2405	0.435
2406	0.3934
2407	0.373
2408	0.4424
2409	0.4796
2410	0.484
2411	0.439
2412	0.4292
2413	0.4846
2414	0.4579
2415	0.4844
2416	0.4038
2417	0.5614
2418	0.3837
2419	0.38
2420	0.4475
2421	0.445
2422	0.3951
2423	0.4415
2424	0.4512
2425	0.415
2426	0.5779
2427	0.5102
2428	0.5422
2429	0.4352
2430	0.505
2431	0.4281
2432	0.5172
2433	0.4106
2434	0.3951
2435	0.5081
2436	0.3873
2437	0.4266
2438	0.4809
2439	0.3556
2440	0.4975
2441	0.4965
2442	0.4679
2443	0.4498
2444	0.4679
2445	0.5147
2446	0.4801
2447	0.4296
2448	0.5418
2449	0.4209
2450	0.3898
2451	0.3768
2452	0.3804
2453	0.4252
2454	0.4371
2455	0.4277
2456	0.4716
2457	0.4816
2458	0.4351
2459	0.4761
2460	0.4519
2461	0.4565
2462	0.38
2463	0.4969
2464	0.4584
2465	0.5048
2466	0.4115
2467	0.5363
2468	0.4091
2469	0.4363
2470	0.4669
2471	0.4836
2472	0.4264
2473	0.5277
2474	0.4389
2475	0.4453
2476	0.431
2477	0.4859
2478	0.5165
2479	0.3647
2480	0.4295
2481	0.4418
2482	0.5252
2483	0.5654
2484	0.4848
2485	0.4044
2486	0.5568
2487	0.4836
2488	0.5316
2489	0.3774
2490	0.3949
2491	0.5663
2492	0.4846
2493	0.4396
2494	0.4991
2495	0.4081
2496	0.3932
2497	0.3965
2498	0.4283
2499	0.4441
2500	0.5045
2501	0.4164
2502	0.4412
2503	0.4131
2504	0.5371
2505	0.4753
2506	0.4349
2507	0.5087
2508	0.3902
2509	0.4475
2510	0.3828
2511	0.427
2512	0.4026
2513	0.4461
2514	0.4626
2515	0.4251
2516	0.4573
2517	0.547
2518	0.5539
2519	0.4979
2520	0.4649
2521	0.4023
2522	0.4806
2523	0.5074
2524	0.4197
2525	0.5499
2526	0.443
2527	0.4431
2528	0.4905
2529	0.4389
2530	0.3091
2531	0.491
2532	0.4881
2533	0.5033
2534	0.4805
2535	0.5207
2536	0.5227
2537	0.4196
2538	0.4605
2539	0.4382
2540	0.4084
2541	0.3968
2542	0.3936
2543	0.4408
2544	0.4496
2545	0.5212
2546	0.4583
2547	0.4814
2548	0.4753
2549	0.414
2550	0.437
2551	0.5227
2552	0.4412
2553	0.6167
2554	0.4628
2555	0.4394
2556	0.4934
2557	0.5826
2558	0.3739
2559	0.3716
2560	0.4381
2561	0.4693
2562	0.4466
2563	0.4271
2564	0.4567
2565	0.4109
2566	0.4744
2567	0.4747
2568	0.5164
2569	0.4321
2570	0.5761
2571	0.4514
2572	0.4141
2573	0.4944
2574	0.458
2575	0.5581
2576	0.486
2577	0.513
2578	0.4969
2579	0.5847
2580	0.3921
2581	0.4964
2582	0.4041
2583	0.5027
2584	0.4419
2585	0.4623
2586	0.3762
2587	0.4522
2588	0.4458
2589	0.3922
2590	0.6061
2591	0.3892
2592	0.3662
2593	0.6143
2594	0.3979
2595	0.3961
2596	0.3943
2597	0.4682
2598	0.4254
2599	0.4327
2600	0.5093
2601	0.4481
2602	0.3639
2603	0.5031
2604	0.404
2605	0.4366
2606	0.4417
2607	0.4409
2608	0.4035
2609	0.4249
2610	0.5138
2611	0.4216
2612	0.4208
2613	0.4816
2614	0.463
2615	0.5188
2616	0.5316
2617	0.3984
2618	0.4299
2619	0.4194
2620	0.3844
2621	0.5622
2622	0.5437
2623	0.3777
2624	0.5423
2625	0.4321
2626	0.4431
2627	0.4808
2628	0.4291
2629	0.456
2630	0.4257
2631	0.4546
2632	0.417
2633	0.4321
2634	0.3841
2635	0.4193
2636	0.4913
2637	0.5961
2638	0.4438
2639	0.5127
2640	0.3937
2641	0.4407
2642	0.501
2643	0.4203
2644	0.4756
2645	0.5376
2646	0.4158
2647	0.4297
2648	0.4289
2649	0.5725
2650	0.6082
2651	0.4382
2652	0.5107
2653	0.407
2654	0.4402
2655	0.4125
2656	0.4739
2657	0.4719
2658	0.4895
2659	0.604
2660	0.4423
2661	0.4731
2662	0.4396
2663	0.4739
2664	0.4164
2665	0.5501
2666	0.5036
2667	0.5199
2668	0.4636
2669	0.4
2670	0.3978
2671	0.4382
2672	0.467
2673	0.4643
2674	0.4989
2675	0.4004
2676	0.4417
2677	0.4245
2678	0.422
2679	0.4214
2680	0.4112
2681	0.3925
2682	0.4527
2683	0.5427
2684	0.3478
2685	0.3816
2686	0.4239
2687	0.4002
2688	0.4807
2689	0.4166
2690	0.4233
2691	0.4511
2692	0.583
2693	0.5253
2694	0.4149
2695	0.4095
2696	0.4425
2697	0.4558
2698	0.4229
2699	0.3973
2700	0.4171
2701	0.4469
2702	0.5027
2703	0.4229
2704	0.4191
2705	0.4745
2706	0.4554
2707	0.4725
2708	0.4319
2709	0.5275
2710	0.4782
2711	0.5071
2712	0.4145
2713	0.454
2714	0.3915
2715	0.5165
2716	0.4454
2717	0.378
2718	0.4776
2719	0.4319
2720	0.3642
2721	0.5041
2722	0.3755
2723	0.4753
2724	0.4064
2725	0.4646
2726	0.4239
2727	0.4313
2728	0.501
2729	0.4119
2730	0.4898
2731	0.4572
2732	0.4037
2733	0.5449
2734	0.3946
2735	0.4514
2736	0.3778
2737	0.4081
2738	0.4611
2739	0.4316
2740	0.5999
2741	0.4058
2742	0.453
2743	0.5141
2744	0.4407
2745	0.4158
2746	0.4318
2747	0.4038
2748	0.5581
2749	0.4332
2750	0.4966
2751	0.5087
2752	0.4951
2753	0.4493
2754	0.6309
2755	0.4935
2756	0.5233
2757	0.4398
2758	0.4939
2759	0.4478
2760	0.441
2761	0.4387
2762	0.5048
2763	0.4337
2764	0.3905
2765	0.3419
2766	0.5281
2767	0.4657
2768	0.5627
2769	0.5224
2770	0.518
2771	0.4808
2772	0.4453
2773	0.5342
2774	0.5414
2775	0.3969
2776	0.4251
2777	0.4826
2778	0.3955
2779	0.4303
2780	0.5113
2781	0.506
2782	0.3677
2783	0.3537
2784	0.5476
2785	0.4452
2786	0.5472
2787	0.5315
2788	0.4106
2789	0.4777
2790	0.4372
2791	0.4761
2792	0.4416
2793	0.4225
2794	0.56
2795	0.4322
2796	0.4537
2797	0.4167
2798	0.5085
2799	0.3891
2800	0.3877
2801	0.4488
2802	0.4496
2803	0.397
2804	0.3619
2805	0.3811
2806	0.5227
2807	0.4372
2808	0.4581
2809	0.4439
2810	0.4311
2811	0.506
2812	0.3815
2813	0.4587
2814	0.4302
2815	0.3828
2816	0.4776
2817	0.4218
2818	0.4665
2819	0.515
2820	0.4451
2821	0.3432
2822	0.4915
2823	0.3953
2824	0.4043
2825	0.4806
2826	0.5183
2827	0.5428
2828	0.446
2829	0.4227
2830	0.5201
2831	0.4416
2832	0.5039
2833	0.3915
2834	0.631
2835	0.4662
2836	0.5333
2837	0.4071
2838	0.4056
2839	0.4474
2840	0.3611
2841	0.5047
2842	0.4276
2843	0.4276
2844	0.4854
2845	0.3912
2846	0.4823
2847	0.5038
2848	0.4179
2849	0.4267
2850	0.4089
2851	0.5582
2852	0.4185
2853	0.4372
2854	0.4875
2855	0.4768
2856	0.4158
2857	0.4318
2858	0.459
2859	0.4911
2860	0.4727
2861	0.5242
2862	0.4188
2863	0.419
2864	0.4257
2865	0.5233
2866	0.3794
2867	0.4834
2868	0.5437
2869	0.3837
2870	0.4505
2871	0.4396
2872	0.3916
2873	0.5837
2874	0.4455
2875	0.4381
2876	0.4017
2877	0.505
2878	0.4774
2879	0.4608
2880	0.4729
2881	0.5888
2882	0.4443
2883	0.4107
2884	0.4511
2885	0.4417
2886	0.3942
2887	0.5318
2888	0.4364
2889	0.3935
2890	0.4261
2891	0.4678
2892	0.3525
2893	0.4078
2894	0.4281
2895	0.5458
2896	0.3891
2897	0.455
2898	0.5496
2899	0.3854
2900	0.455
2901	0.4874
2902	0.4551
2903	0.4385
2904	0.4724
2905	0.4223
2906	0.4764
2907	0.4595
2908	0.428
2909	0.4572
2910	0.4956
2911	0.5384
2912	0.4198
2913	0.5963
2914	0.4111
2915	0.4906
2916	0.4977
2917	0.6293
2918	0.4598
2919	0.5286
2920	0.4133
2921	0.3844
2922	0.4531
2923	0.519
2924	0.4144
2925	0.4765
2926	0.404
2927	0.5064
2928	0.4431
2929	0.4767
2930	0.5248
2931	0.5005
2932	0.456
2933	0.4522
2934	0.471
2935	0.5285
2936	0.511
2937	0.4385
2938	0.4348
2939	0.4818
2940	0.4841
2941	0.4266
2942	0.4315
2943	0.4529
2944	0.4267
2945	0.5091
2946	0.4847
2947	0.5256
2948	0.4926
2949	0.5033
2950	0.5136
2951	0.5308
2952	0.4006
2953	0.604
2954	0.5166
2955	0.5387
2956	0.5006
2957	0.471
2958	0.5223
2959	0.4284
2960	0.3671
2961	0.6035
2962	0.421
2963	0.4245
2964	0.4711
2965	0.5108
2966	0.516
2967	0.6299
2968	0.4347
2969	0.4732
2970	0.5279
2971	0.4996
2972	0.4443
2973	0.4547
2974	0.4445
2975	0.4073
2976	0.4885
2977	0.3861
2978	0.4328
2979	0.4915
2980	0.4743
2981	0.5732
2982	0.4633
2983	0.3718
2984	0.4506
2985	0.4497
2986	0.4664
2987	0.4027
2988	0.4972
2989	0.5561
2990	0.4688
2991	0.4354
2992	0.4934
2993	0.5054
2994	0.4528
2995	0.4951
2996	0.4456
2997	0.4504
2998	0.4037
2999	0.4126
3000	0.4918
